1000 1.36406 0.0103743 3604.84 0 0 3605.86 3604.84 
1200 1.31826 0.0143758 2198.99 0 0 2200.35 2198.99 
1400 1.27257 0.0188197 1440.81 0 0 1442.17 1440.81 
1600 1.22315 0.0235369 993.693 0 0 995.052 993.902 
1800 1.17075 0.0284117 712.788 0 0 714.007 712.973 
2000 1.11712 0.0333825 526.92 0 0 528.19 526.92 
2200 1.06372 0.0383631 400.44 0 0 401.514 400.473 
2400 1.01131 0.043302 311.189 0 0 312.229 311.221 
2600 0.960505 0.048137 246.376 0 0 247.374 246.422 
2800 0.911453 0.0528894 198.172 0 0 199.136 198.245 
3000 0.864731 0.0574576 161.614 0 0 162.536 161.655 
3200 0.819973 0.0618628 133.469 0 0 134.342 133.538 
3400 0.777816 0.0661146 125.138 0 0 125.973 125.188 
3600 0.738063 0.0701547 105.938 0 0 106.757 106.021 
3800 0.701006 0.0740039 90.4763 0 0 91.261 90.5586 
4000 0.665867 0.0776711 77.8088 0 0 78.5534 77.8911 
4200 0.633203 0.0811384 67.3963 0 0 68.1237 67.479 
4400 0.602705 0.0844305 58.7106 0 0 59.4032 58.795 
4600 0.573974 0.0875453 51.4001 0 0 52.0599 51.4856 
4800 0.547553 0.0904803 45.2586 0 0 45.8941 45.3495 
5000 0.522746 0.0932769 40.0383 0 0 40.6563 40.1272 
5200 0.499776 0.0959017 35.6074 0 0 36.2009 35.6997 
5400 0.478074 0.0984102 31.7754 0 0 32.3542 31.8754 
5600 0.457945 0.100759 28.4785 0 0 29.0375 28.579 
5800 0.439196 0.102996 25.6178 0 0 26.163 25.723 
6000 0.421569 0.105106 23.114 0 0 23.6392 23.2187 
6200 0.405196 0.107098 20.9395 0 0 21.4536 21.0481 
6400 0.389751 0.109022 19.0063 0 0 19.5069 19.1161 
6600 0.375254 0.110808 17.316 0 0 17.803 17.4286 
6800 0.361672 0.112535 15.8064 0 0 16.2787 15.9164 
7000 0.348906 0.114153 14.4719 0 0 14.9382 14.5874 
7200 0.336913 0.115716 13.2717 0 0 13.7249 13.3886 
7400 0.325554 0.117183 12.2128 0 0 12.6555 12.3291 
7600 0.314856 0.118615 11.25 0 0 11.6833 11.369 
7800 0.304837 0.119929 10.3927 0 0 10.8178 10.5118 
8000 0.295248 0.121231 9.60944 0 0 10.0259 9.7318 
8200 0.286265 0.122449 8.91155 0 0 9.31976 9.03395 
8400 0.277694 0.123659 8.27285 0 0 8.67137 8.39588 
8600 0.269596 0.124781 7.6946 0 0 8.09018 7.81846 
8800 0.261918 0.125855 7.16763 0 0 7.55722 7.29432 
9000 0.254611 0.126904 6.6879 0 0 7.07018 6.81573 
9200 0.247652 0.127904 6.24861 0 0 6.62357 6.37623 
9400 0.241009 0.12888 5.84601 0 0 6.21597 5.97483 
9600 0.234654 0.129838 5.47583 0 0 5.84081 5.6056 
9800 0.228606 0.130735 5.13572 0 0 5.49511 5.26618 
10000 0.22284 0.131608 4.82311 0 0 5.17806 4.95425 
10200 0.217457 0.132446 4.54178 0 0 4.89154 4.67356 
10400 0.211931 0.133313 4.26425 0 0 4.60914 4.39695 
10600 0.207028 0.134071 4.02564 0 0 4.36653 4.1596 
10800 0.202223 0.134852 3.8009 0 0 4.13798 3.93631 
11000 0.197546 0.135604 3.58932 0 0 3.9218 3.7243 
11200 0.192956 0.136354 3.3884 0 0 3.71744 3.52481 
11400 0.188631 0.137068 3.20616 0 0 3.53167 3.34312 
11600 0.184572 0.137738 3.04005 0 0 3.36241 3.1778 
11800 0.180534 0.138421 2.87992 0 0 3.19899 3.0185 
12000 0.176659 0.139082 2.73169 0 0 3.04749 2.87098 
12200 0.172967 0.139709 2.59501 0 0 2.90779 2.73491 
12400 0.169291 0.140339 2.46278 0 0 2.77258 2.60315 
12600 0.165911 0.140903 2.34568 0 0 2.65257 2.48671 
12800 0.162499 0.141506 2.23079 0 0 2.53496 2.37226 
13000 0.159217 0.142101 2.12381 0 0 2.42507 2.26582 
13200 0.156079 0.142667 2.02451 0 0 2.3231 2.16702 
13400 0.153056 0.143202 1.93137 0 0 2.22766 2.0743 
13600 0.150099 0.14373 1.84285 0 0 2.1364 1.98641 
13800 0.147269 0.144248 1.76138 0 0 2.05274 1.90555 
14000 0.144495 0.144748 1.68347 0 0 1.9727 1.82828 
14200 0.141778 0.145234 1.60895 0 0 1.89602 1.75439 
14400 0.13918 0.145725 1.54054 0 0 1.8255 1.68627 
14600 0.136629 0.146199 1.47497 0 0 1.75779 1.62104 
14800 0.134134 0.146659 1.41222 0 0 1.69295 1.55871 
15000 0.131714 0.147107 1.35293 0 0 1.6317 1.49997 
15200 0.129388 0.147549 1.29826 0 0 1.57521 1.4456 
15400 0.127091 0.147978 1.24529 0 0 1.52033 1.39313 
15600 0.124883 0.148387 1.19494 0 0 1.46824 1.34347 
15800 0.122774 0.148803 1.14893 0 0 1.42058 1.29781 
16000 0.120685 0.149209 1.10427 0 0 1.3742 1.25347 
16200 0.118617 0.149599 1.06128 0 0 1.32939 1.21082 
16400 0.116582 0.149994 1.02034 0 0 1.28689 1.17027 
16600 0.114604 0.150379 0.981218 0 0 1.24623 1.13151 
16800 0.112745 0.150739 0.945508 0 0 1.2089 1.09606 
17000 0.110909 0.151091 0.911027 0 0 1.17305 1.062 
17200 0.109085 0.151437 0.877207 0 0 1.13798 1.02868 
17400 0.107315 0.151798 0.845502 0 0 1.10479 0.997276 
17600 0.105585 0.152147 0.815016 0 0 1.07286 0.967138 
17800 0.103927 0.152473 0.786794 0 0 1.04329 0.939348 
18000 0.102299 0.152782 0.759688 0 0 1.01483 0.912593 
18200 0.100689 0.15308 0.733324 0 0 0.987123 0.886526 
18400 0.0991019 0.153398 0.708215 0 0 0.960667 0.861661 
18600 0.097532 0.153715 0.683588 0 0 0.934722 0.837274 
18800 0.0960846 0.153996 0.661312 0 0 0.911395 0.81528 
19000 0.0946385 0.154278 0.639399 0 0 0.888388 0.793643 
19200 0.0931969 0.154559 0.618572 0 0 0.866339 0.77308 
19400 0.0917744 0.154832 0.598229 0 0 0.844812 0.753024 
19600 0.0903806 0.155091 0.578612 0 0 0.824067 0.733729 
19800 0.089038 0.155348 0.560071 0 0 0.804442 0.715431 
20000 0.0877374 0.155603 0.542408 0 0 0.785733 0.697951 
20200 0.0864607 0.155843 0.525698 0 0 0.768025 0.681622 
20400 0.0851872 0.156088 0.509228 0 0 0.750484 0.665446 
20600 0.0839519 0.156327 0.493651 0 0 0.7339 0.650128 
20800 0.0827373 0.156562 0.478556 0 0 0.717831 0.635271 
21000 0.0815687 0.156783 0.464263 0 0 0.702597 0.621105 
21200 0.0804249 0.156996 0.450401 0 0 0.687813 0.607313 
21400 0.0793005 0.157206 0.437217 0 0 0.673669 0.594301 
21600 0.078189 0.157415 0.424484 0 0 0.659953 0.581811 
21800 0.0770982 0.157615 0.412128 0 0 0.646699 0.569648 
22000 0.0760279 0.157808 0.400149 0 0 0.633905 0.557813 
22200 0.0749756 0.157997 0.388551 0 0 0.621483 0.546412 
22400 0.0739504 0.158181 0.377525 0 0 0.609618 0.535664 
22600 0.0729331 0.158363 0.366731 0 0 0.598011 0.525121 
22800 0.0719401 0.158539 0.356631 0 0 0.587178 0.515193 
23000 0.0709498 0.158714 0.346571 0 0 0.576386 0.505305 
23200 0.0700133 0.15889 0.337273 0 0 0.566349 0.496181 
23400 0.0690769 0.159066 0.327975 0 0 0.556311 0.487057 
23600 0.0681748 0.159224 0.319283 0 0 0.546852 0.478518 
23800 0.0672813 0.159378 0.310742 0 0 0.537537 0.470126 
24000 0.0664083 0.159523 0.302541 0 0 0.528581 0.462065 
24200 0.0655559 0.15966 0.294679 0 0 0.519982 0.454336 
24400 0.0647111 0.159797 0.286909 0 0 0.511479 0.446703 
24600 0.0639088 0.159941 0.279657 0 0 0.503521 0.439619 
24800 0.0631066 0.160085 0.272406 0 0 0.495563 0.432535 
25000 0.0623071 0.160218 0.265485 0 0 0.487967 0.42573 
25200 0.0615085 0.160348 0.258674 0 0 0.480493 0.419018 
25400 0.0607287 0.16047 0.252101 0 0 0.473276 0.41255 
25600 0.0599836 0.160579 0.245967 0 0 0.466536 0.406536 
25800 0.0592386 0.160687 0.239834 0 0 0.459795 0.400523 
26000 0.0585083 0.160806 0.233995 0 0 0.453348 0.394798 
26200 0.0577805 0.160928 0.228208 0 0 0.446951 0.389124 
26400 0.0570728 0.161038 0.222617 0 0 0.440755 0.383642 
26600 0.0564021 0.16113 0.21739 0 0 0.434931 0.378517 
26800 0.0557315 0.161221 0.212164 0 0 0.429107 0.373393 
27000 0.0550665 0.161319 0.20718 0 0 0.423566 0.368513 
27200 0.0544034 0.16142 0.202276 0 0 0.418119 0.363715 
27400 0.0537463 0.161518 0.197441 0 0 0.41274 0.358984 
27600 0.0531238 0.161603 0.192994 0 0 0.407745 0.35463 
27800 0.0525012 0.161688 0.188547 0 0 0.402751 0.350276 
28000 0.0518873 0.161771 0.184226 0 0 0.397885 0.346036 
28200 0.051284 0.161852 0.180057 0 0 0.393177 0.341935 
28400 0.0506807 0.161934 0.175889 0 0 0.38847 0.337834 
28600 0.0501028 0.162007 0.172001 0 0 0.384102 0.33402 
28800 0.0495334 0.162077 0.168207 0 0 0.379847 0.330303 
29000 0.0489639 0.162147 0.164413 0 0 0.375592 0.326586 
29200 0.0484321 0.162209 0.160916 0 0 0.371604 0.323142 
29400 0.0479023 0.162272 0.157435 0 0 0.367631 0.319714 
29600 0.0473721 0.162335 0.15397 0 0 0.363676 0.316302 
29800 0.046839 0.162399 0.150657 0 0 0.359892 0.313053 
30000 0.0463059 0.162464 0.147345 0 0 0.356108 0.309803 
30200 0.0457871 0.162519 0.144186 0 0 0.352485 0.306716 
30400 0.0452954 0.162568 0.141201 0 0 0.349067 0.303772 
30600 0.0448037 0.162617 0.138217 0 0 0.345649 0.300828 
30800 0.0443173 0.162666 0.1353 0 0 0.342298 0.297954 
31000 0.0438432 0.162711 0.132544 0 0 0.339104 0.295242 
31200 0.043369 0.162756 0.129788 0 0 0.33591 0.29253 
31400 0.0429042 0.162798 0.127107 0 0 0.332802 0.289892 
31600 0.0424613 0.162832 0.124603 0 0 0.329895 0.28743 
31800 0.0420183 0.162865 0.122099 0 0 0.326987 0.284967 
32000 0.0415779 0.162901 0.119625 0 0 0.324113 0.282533 
32200 0.0411475 0.162945 0.117274 0 0 0.321368 0.280211 
32400 0.040717 0.162989 0.114923 0 0 0.318623 0.277889 
32600 0.0402891 0.16303 0.112592 0 0 0.315901 0.275587 
32800 0.0398835 0.16305 0.110442 0 0 0.313377 0.273467 
33000 0.0394779 0.163069 0.108293 0 0 0.310853 0.271346 
33200 0.0390724 0.163089 0.106144 0 0 0.308329 0.269225 
33400 0.0386815 0.163117 0.104145 0 0 0.305964 0.267255 
33600 0.0382923 0.163146 0.102163 0 0 0.303616 0.2653 
33800 0.0379031 0.163175 0.100181 0 0 0.301269 0.263346 
34000 0.0375256 0.163196 0.0982962 0 0 0.299024 0.261485 
34200 0.0371543 0.163212 0.0964636 0 0 0.296833 0.259674 
34400 0.036783 0.163228 0.094631 0 0 0.294642 0.257863 
34600 0.0364193 0.163241 0.0928529 0 0 0.292513 0.256103 
34800 0.0360696 0.163247 0.0911758 0 0 0.290497 0.25444 
35000 0.0357199 0.163253 0.0894987 0 0 0.288482 0.252776 
35200 0.0353702 0.163259 0.0878216 0 0 0.286467 0.251112 
35400 0.0350288 0.163263 0.0862516 0 0 0.284558 0.249539 
35600 0.0346878 0.163266 0.0846871 0 0 0.282655 0.247971 
35800 0.0343468 0.16327 0.0831226 0 0 0.280752 0.246403 
36000 0.0340205 0.163273 0.0816385 0 0 0.278945 0.244917 
36200 0.0337063 0.163276 0.08022 0 0 0.277216 0.2435 
36400 0.0333921 0.163279 0.0788015 0 0 0.275487 0.242083 
36600 0.0330779 0.163283 0.077383 0 0 0.273759 0.240666 
36800 0.0327716 0.163286 0.0760596 0 0 0.272122 0.239334 
37000 0.0324652 0.163289 0.0747363 0 0 0.270485 0.238002 
37200 0.0321589 0.163292 0.0734129 0 0 0.268849 0.23667 
37400 0.0318606 0.16329 0.0721376 0 0 0.26727 0.235391 
37600 0.0315723 0.163282 0.0709211 0 0 0.265763 0.234178 
37800 0.0312839 0.163274 0.0697046 0 0 0.264255 0.232964 
38000 0.0309956 0.163266 0.0684881 0 0 0.262748 0.231751 
38200 0.0307197 0.163256 0.0673544 0 0 0.261329 0.230609 
38400 0.030447 0.163245 0.0662414 0 0 0.259933 0.229486 
38600 0.0301743 0.163235 0.0651283 0 0 0.258537 0.228362 
38800 0.0299021 0.163224 0.0640189 0 0 0.257144 0.227242 
39000 0.0296378 0.163208 0.0629776 0 0 0.255822 0.226186 
39200 0.0293735 0.163191 0.0619363 0 0 0.254501 0.22513 
39400 0.0291092 0.163174 0.0608949 0 0 0.253179 0.224073 
39600 0.0288496 0.163157 0.059879 0 0 0.251888 0.223042 
39800 0.0286008 0.16314 0.0589222 0 0 0.250671 0.22207 
40000 0.028352 0.163122 0.0579655 0 0 0.249453 0.221097 
40200 0.0281088 0.163097 0.0570445 0 0 0.24826 0.220144 
40400 0.0278686 0.163075 0.0561424 0 0 0.247093 0.219214 
40600 0.027633 0.163057 0.0552686 0 0 0.245964 0.21832 
40800 0.0273974 0.163038 0.0543948 0 0 0.244836 0.217426 
41000 0.0271618 0.16302 0.053521 0 0 0.243707 0.216532 
41200 0.0269308 0.162998 0.0526769 0 0 0.242611 0.215666 
41400 0.0267056 0.162969 0.0518691 0 0 0.241553 0.214834 
41600 0.0264803 0.162941 0.0510613 0 0 0.240495 0.214002 
41800 0.0262551 0.162913 0.0502534 0 0 0.239437 0.21317 
42000 0.0260352 0.162885 0.049475 0 0 0.238412 0.212366 
42200 0.0258219 0.162857 0.0487325 0 0 0.237426 0.211596 
42400 0.0256087 0.162829 0.04799 0 0 0.236441 0.210827 
42600 0.0253954 0.162802 0.0472475 0 0 0.235456 0.210057 
42800 0.0251854 0.162774 0.0465232 0 0 0.234491 0.209304 
43000 0.0249816 0.162744 0.0458328 0 0 0.233564 0.208582 
43200 0.0247778 0.162715 0.0451425 0 0 0.232636 0.207859 
43400 0.024574 0.162685 0.0444521 0 0 0.231709 0.207137 
43600 0.0243727 0.162654 0.0437752 0 0 0.230796 0.206428 
43800 0.0241817 0.162618 0.0431521 0 0 0.229945 0.205772 
44000 0.0239907 0.162582 0.0425291 0 0 0.229094 0.205116 
44200 0.0237996 0.162546 0.041906 0 0 0.228243 0.20446 
44400 0.0236086 0.16251 0.041283 0 0 0.227391 0.203804 
44600 0.0234231 0.162472 0.0406937 0 0 0.226584 0.203177 
44800 0.0232382 0.162434 0.0401081 0 0 0.225782 0.202553 
45000 0.0230533 0.162396 0.0395226 0 0 0.22498 0.201929 
45200 0.0228685 0.162358 0.038937 0 0 0.224178 0.201304 
45400 0.022691 0.162321 0.038383 0 0 0.223406 0.200711 
45600 0.0225186 0.162284 0.03785 0 0 0.222656 0.200138 
45800 0.0223462 0.162247 0.037317 0 0 0.221905 0.199565 
46000 0.0221737 0.16221 0.036784 0 0 0.221155 0.198991 
46200 0.0220023 0.162173 0.0362568 0 0 0.220412 0.198423 
46400 0.0218364 0.162129 0.0357624 0 0 0.219716 0.197885 
46600 0.0216705 0.162085 0.0352681 0 0 0.21902 0.197347 
46800 0.0215046 0.162042 0.0347738 0 0 0.218323 0.196809 
47000 0.0213387 0.161998 0.0342795 0 0 0.217627 0.196271 
47200 0.0211788 0.161954 0.0338118 0 0 0.216959 0.195763 
47400 0.0210222 0.161909 0.0333585 0 0 0.216305 0.195272 
47600 0.0208655 0.161864 0.0329052 0 0 0.215652 0.194781 
47800 0.0207089 0.16182 0.0324518 0 0 0.214999 0.19429 
48000 0.0205526 0.161775 0.0320003 0 0 0.214348 0.193801 
48200 0.0204037 0.161731 0.0315824 0 0 0.213738 0.193331 
48400 0.0202548 0.161688 0.0311644 0 0 0.213129 0.192862 
48600 0.0201059 0.161644 0.0307465 0 0 0.212519 0.192393 
48800 0.0199571 0.1616 0.0303285 0 0 0.21191 0.191924 
49000 0.0198109 0.161557 0.0299226 0 0 0.211313 0.19147 
49200 0.0196698 0.161514 0.0295389 0 0 0.21074 0.191043 
49400 0.0195287 0.161471 0.0291551 0 0 0.210168 0.190617 
49600 0.0193876 0.161428 0.0287714 0 0 0.209595 0.190191 
49800 0.0192465 0.161385 0.0283877 0 0 0.209022 0.189765 
50000 0.0191073 0.161325 0.028011 0 0 0.208439 0.189334 
50200 0.0189727 0.161277 0.0276564 0 0 0.207903 0.188931 
50400 0.0188382 0.161229 0.0273018 0 0 0.207367 0.188529 
50600 0.0187037 0.161181 0.0269472 0 0 0.206831 0.188126 
50800 0.0185692 0.161133 0.0265925 0 0 0.206295 0.187723 
51000 0.0184399 0.161084 0.0262589 0 0 0.205783 0.187337 
51200 0.0183129 0.161035 0.0259343 0 0 0.205281 0.186959 
51400 0.0181859 0.160985 0.0256098 0 0 0.204779 0.186581 
51600 0.0180588 0.160936 0.0252852 0 0 0.204278 0.186204 
51800 0.0179318 0.160886 0.0249606 0 0 0.203776 0.185826 
52000 0.0178088 0.160832 0.024652 0 0 0.203291 0.185466 
52200 0.0176875 0.160774 0.0243503 0 0 0.202812 0.185115 
52400 0.0175662 0.160717 0.0240485 0 0 0.202334 0.184763 
52600 0.0174449 0.16066 0.0237468 0 0 0.201855 0.184411 
52800 0.0173236 0.160603 0.0234451 0 0 0.201377 0.18406 
53000 0.017207 0.160552 0.0231604 0 0 0.200924 0.183725 
53200 0.017093 0.160505 0.022885 0 0 0.200486 0.183398 
53400 0.0169791 0.160457 0.0226096 0 0 0.200047 0.183072 
53600 0.0168651 0.160409 0.0223342 0 0 0.199609 0.182746 
53800 0.0167511 0.160362 0.0220587 0 0 0.19917 0.18242 
54000 0.0166391 0.16031 0.0217921 0 0 0.198737 0.1821 
54200 0.0165297 0.160253 0.0215363 0 0 0.198312 0.181788 
54400 0.0164202 0.160197 0.0212805 0 0 0.197886 0.181477 
54600 0.0163107 0.16014 0.0210247 0 0 0.19746 0.181165 
54800 0.0162012 0.160083 0.0207688 0 0 0.197034 0.180853 
55000 0.0160929 0.160027 0.020517 0 0 0.196615 0.180546 
55200 0.0159889 0.159973 0.020281 0 0 0.196225 0.180254 
55400 0.0158849 0.159919 0.0200451 0 0 0.195834 0.179962 
55600 0.0157809 0.159865 0.0198091 0 0 0.195443 0.17967 
55800 0.0156769 0.159811 0.0195731 0 0 0.195052 0.179378 
56000 0.0155729 0.159757 0.0193372 0 0 0.194661 0.179087 
56200 0.0154744 0.159698 0.0191187 0 0 0.194286 0.178811 
56400 0.0153769 0.159638 0.0189033 0 0 0.193913 0.178538 
56600 0.0152793 0.159578 0.0186879 0 0 0.193541 0.178266 
56800 0.0151818 0.159517 0.0184725 0 0 0.193168 0.177993 
57000 0.0150843 0.159457 0.0182571 0 0 0.192796 0.177721 
57200 0.0149882 0.159398 0.0180475 0 0 0.192432 0.177454 
57400 0.0148949 0.159339 0.0178488 0 0 0.192082 0.177199 
57600 0.0148016 0.15928 0.01765 0 0 0.191733 0.176944 
57800 0.0147082 0.159221 0.0174513 0 0 0.191384 0.176689 
58000 0.0146149 0.159162 0.0172526 0 0 0.191034 0.176434 
58200 0.0145216 0.159103 0.0170538 0 0 0.190685 0.176179 
58400 0.0144319 0.159044 0.0168668 0 0 0.19035 0.175931 
58600 0.0143434 0.158986 0.0166835 0 0 0.19002 0.175685 
58800 0.0142549 0.158928 0.0165003 0 0 0.189689 0.17544 
59000 0.0141664 0.15887 0.0163171 0 0 0.189359 0.175194 
59200 0.0140779 0.158812 0.0161339 0 0 0.189029 0.174948 
59400 0.0139896 0.158754 0.0159512 0 0 0.188699 0.174703 
59600 0.0139045 0.158697 0.0157783 0 0 0.188382 0.174474 
59800 0.0138195 0.15864 0.0156055 0 0 0.188065 0.174245 
60000 0.0137345 0.158583 0.0154327 0 0 0.187747 0.174015 
60200 0.0136522 0.158523 0.0152689 0 0 0.187439 0.173792 
60400 0.0135699 0.158463 0.0151051 0 0 0.18713 0.173568 
60600 0.0134882 0.158403 0.0149433 0 0 0.186824 0.173346 
60800 0.0134083 0.158345 0.0147871 0 0 0.186527 0.173128 
61000 0.0133284 0.158288 0.014631 0 0 0.18623 0.172911 
61200 0.0132485 0.15823 0.0144748 0 0 0.185933 0.172694 
61400 0.0131685 0.158173 0.0143187 0 0 0.185636 0.172476 
61600 0.0130886 0.158115 0.0141625 0 0 0.185339 0.172259 
61800 0.0130104 0.158055 0.014011 0 0 0.185051 0.172047 
62000 0.0129355 0.157992 0.0138681 0 0 0.184777 0.171845 
62200 0.0128605 0.15793 0.0137252 0 0 0.184503 0.171644 
62400 0.0127855 0.157867 0.0135823 0 0 0.184229 0.171442 
62600 0.0127105 0.157804 0.0134394 0 0 0.183955 0.17124 
62800 0.0126356 0.157741 0.0132965 0 0 0.183681 0.171038 
63000 0.0125615 0.157678 0.0131569 0 0 0.183409 0.170838 
63200 0.0124897 0.157618 0.0130251 0 0 0.183143 0.170642 
63400 0.0124178 0.157557 0.0128932 0 0 0.182877 0.170445 
63600 0.012346 0.157496 0.0127614 0 0 0.182611 0.170248 
63800 0.0122741 0.157436 0.0126295 0 0 0.182345 0.170051 
64000 0.0122023 0.157375 0.0124976 0 0 0.182079 0.169855 
64200 0.012131 0.157315 0.0123673 0 0 0.181815 0.16966 
64400 0.0120629 0.157254 0.0122456 0 0 0.181564 0.169476 
64600 0.0119947 0.157193 0.0121239 0 0 0.181312 0.169293 
64800 0.0119266 0.157132 0.0120022 0 0 0.18106 0.169109 
65000 0.0118585 0.15707 0.0118805 0 0 0.180808 0.168926 
65200 0.0117904 0.157009 0.0117588 0 0 0.180557 0.168742 
65400 0.0117223 0.156948 0.0116371 0 0 0.180305 0.168558 
65600 0.0116577 0.156883 0.011525 0 0 0.180062 0.168386 
65800 0.0115935 0.156817 0.0114139 0 0 0.179821 0.168215 
66000 0.0115293 0.156751 0.0113028 0 0 0.179579 0.168044 
66200 0.0114651 0.156685 0.0111918 0 0 0.179338 0.167873 
66400 0.0114008 0.156619 0.0110807 0 0 0.179096 0.167702 
66600 0.0113366 0.156553 0.0109696 0 0 0.178855 0.167532 
66800 0.011274 0.15649 0.0108628 0 0 0.178622 0.167364 
67000 0.011213 0.156432 0.0107602 0 0 0.178399 0.1672 
67200 0.011152 0.156374 0.0106577 0 0 0.178176 0.167035 
67400 0.0110909 0.156315 0.0105551 0 0 0.177953 0.166871 
67600 0.0110299 0.156257 0.0104526 0 0 0.17773 0.166706 
67800 0.0109689 0.156199 0.01035 0 0 0.177506 0.166542 
68000 0.0109079 0.156141 0.0102475 0 0 0.177283 0.166378 
68200 0.0108501 0.156077 0.0101521 0 0 0.177066 0.166218 
68400 0.0107924 0.156014 0.0100572 0 0 0.17685 0.166059 
68600 0.0107348 0.15595 0.00996225 0 0 0.176633 0.165899 
68800 0.0106771 0.155886 0.0098673 0 0 0.176416 0.16574 
69000 0.0106195 0.155823 0.00977235 0 0 0.1762 0.16558 
69200 0.0105619 0.155759 0.0096774 0 0 0.175983 0.165421 
69400 0.010505 0.155694 0.00958468 0 0 0.17577 0.165264 
69600 0.0104497 0.155627 0.00949716 0 0 0.175564 0.165114 
69800 0.0103945 0.155559 0.00940964 0 0 0.175357 0.164963 
70000 0.0103393 0.155492 0.00932211 0 0 0.175151 0.164812 
70200 0.0102841 0.155424 0.00923459 0 0 0.174945 0.164662 
70400 0.0102289 0.155357 0.00914706 0 0 0.174739 0.164511 
70600 0.0101737 0.155289 0.00905954 0 0 0.174533 0.16436 
70800 0.0101202 0.155224 0.00897621 0 0 0.174332 0.164214 
71000 0.0100682 0.155162 0.00889631 0 0 0.174134 0.16407 
71200 0.0100162 0.155099 0.0088164 0 0 0.173936 0.163926 
71400 0.00996422 0.155036 0.0087365 0 0 0.173738 0.163783 
71600 0.00991222 0.154974 0.0086566 0 0 0.17354 0.163639 
71800 0.00986021 0.154911 0.00857669 0 0 0.173342 0.163495 
72000 0.00980821 0.154848 0.00849679 0 0 0.173144 0.163352 
72200 0.0097578 0.154784 0.00842062 0 0 0.172954 0.163211 
72400 0.00970825 0.154718 0.00834647 0 0 0.172767 0.163071 
72600 0.0096587 0.154652 0.00827232 0 0 0.17258 0.162932 
72800 0.00960915 0.154586 0.00819817 0 0 0.172394 0.162793 
73000 0.00955961 0.15452 0.00812402 0 0 0.172207 0.162653 
73200 0.00951006 0.154454 0.00804987 0 0 0.17202 0.162514 
73400 0.00946051 0.154388 0.00797572 0 0 0.171834 0.162374 
73600 0.00941273 0.154323 0.00790546 0 0 0.171653 0.162241 
73800 0.00936614 0.154258 0.00783781 0 0 0.171476 0.162111 
74000 0.00931955 0.154194 0.00777016 0 0 0.171299 0.161981 
74200 0.00927295 0.154129 0.00770251 0 0 0.171122 0.161851 
74400 0.00922636 0.154065 0.00763485 0 0 0.170944 0.161721 
74600 0.00917977 0.154 0.0075672 0 0 0.170767 0.161591 
74800 0.00913317 0.153935 0.00749955 0 0 0.17059 0.161461 
75000 0.00908759 0.153871 0.00743394 0 0 0.170416 0.161332 
75200 0.00904354 0.153807 0.00737139 0 0 0.170244 0.161205 
75400 0.00899948 0.153744 0.00730883 0 0 0.170073 0.161078 
75600 0.00895542 0.15368 0.00724628 0 0 0.169902 0.160951 
75800 0.00891136 0.153616 0.00718373 0 0 0.169731 0.160824 
76000 0.0088673 0.153553 0.00712118 0 0 0.16956 0.160697 
76200 0.00882324 0.153489 0.00705863 0 0 0.169389 0.16057 
76400 0.00877939 0.153425 0.00699658 0 0 0.169218 0.160444 
76600 0.00873734 0.153363 0.00693903 0 0 0.169054 0.160322 
76800 0.00869529 0.153301 0.00688148 0 0 0.168889 0.160201 
77000 0.00865325 0.153239 0.00682393 0 0 0.168724 0.160079 
77200 0.0086112 0.153177 0.00676637 0 0 0.16856 0.159957 
77400 0.00856915 0.153115 0.00670882 0 0 0.168395 0.159836 
77600 0.00852711 0.153053 0.00665127 0 0 0.168231 0.159714 
77800 0.00848506 0.152991 0.00659372 0 0 0.168066 0.159593 
78000 0.00844428 0.152929 0.00653881 0 0 0.167906 0.159473 
78200 0.00840436 0.152866 0.00648566 0 0 0.167749 0.159355 
78400 0.00836443 0.152804 0.00643251 0 0 0.167591 0.159236 
78600 0.0083245 0.152742 0.00637936 0 0 0.167434 0.159118 
78800 0.00828457 0.152679 0.00632621 0 0 0.167277 0.159 
79000 0.00824464 0.152617 0.00627306 0 0 0.167119 0.158881 
79200 0.00820471 0.152554 0.00621991 0 0 0.166962 0.158763 
79400 0.00816478 0.152492 0.00616676 0 0 0.166805 0.158645 
79600 0.008127 0.152423 0.00611691 0 0 0.166655 0.15853 
79800 0.00808923 0.152354 0.00606706 0 0 0.166505 0.158416 
80000 0.00805145 0.152285 0.00601721 0 0 0.166356 0.158302 
80200 0.00801384 0.152222 0.00596902 0 0 0.166202 0.158186 
80400 0.00797623 0.152159 0.00592082 0 0 0.166048 0.158071 
80600 0.00793862 0.152096 0.00587262 0 0 0.165895 0.157956 
80800 0.00790101 0.152033 0.00582442 0 0 0.165741 0.15784 
81000 0.00786399 0.151969 0.00577709 0 0 0.16559 0.157727 
81200 0.00782876 0.151906 0.00573236 0 0 0.165448 0.157621 
81400 0.00779353 0.151842 0.00568762 0 0 0.165305 0.157514 
81600 0.00775829 0.151778 0.00564289 0 0 0.165163 0.157408 
81800 0.00772306 0.151714 0.00559816 0 0 0.16502 0.157302 
82000 0.00768783 0.15165 0.00555342 0 0 0.164878 0.157195 
82200 0.0076526 0.151587 0.00550869 0 0 0.164735 0.157089 
82400 0.00761737 0.151523 0.00546395 0 0 0.164592 0.156982 
82600 0.00758251 0.151459 0.00542017 0 0 0.164451 0.156876 
82800 0.00754852 0.151395 0.00537862 0 0 0.164312 0.156771 
83000 0.00751453 0.151331 0.00533707 0 0 0.164173 0.156666 
83200 0.00748054 0.151267 0.00529552 0 0 0.164034 0.15656 
83400 0.00744655 0.151203 0.00525396 0 0 0.163895 0.156455 
83600 0.00741257 0.151139 0.00521241 0 0 0.163756 0.15635 
83800 0.00737858 0.151075 0.00517086 0 0 0.163617 0.156244 
84000 0.00734459 0.151011 0.0051293 0 0 0.163478 0.156139 
84200 0.00731107 0.150946 0.00508867 0 0 0.163341 0.156035 
84400 0.00727895 0.150881 0.00505079 0 0 0.163207 0.155935 
84600 0.00724684 0.150815 0.00501292 0 0 0.163073 0.155834 
84800 0.00721472 0.15075 0.00497504 0 0 0.162939 0.155734 
85000 0.0071826 0.150685 0.00493716 0 0 0.162805 0.155634 
85200 0.00715049 0.150619 0.00489928 0 0 0.162671 0.155534 
85400 0.00711837 0.150554 0.00486141 0 0 0.162537 0.155434 
85600 0.00708625 0.150488 0.00482353 0 0 0.162403 0.155334 
85800 0.00705414 0.150423 0.00478565 0 0 0.162269 0.155233 
86000 0.00702404 0.150361 0.00475042 0 0 0.162141 0.15513 
86200 0.00699394 0.150299 0.0047152 0 0 0.162013 0.155027 
86400 0.00696384 0.150237 0.00467997 0 0 0.161885 0.154923 
86600 0.00693374 0.150176 0.00464474 0 0 0.161758 0.15482 
86800 0.00690364 0.150114 0.00460952 0 0 0.16163 0.154716 
87000 0.00687355 0.150052 0.00457429 0 0 0.161502 0.154613 
87200 0.00684345 0.14999 0.00453906 0 0 0.161374 0.154509 
87400 0.00681335 0.149928 0.00450383 0 0 0.161247 0.154406 
87600 0.00678412 0.149865 0.00447055 0 0 0.161121 0.154308 
87800 0.00675536 0.149801 0.00443831 0 0 0.160997 0.154212 
88000 0.00672659 0.149737 0.00440606 0 0 0.160873 0.154116 
88200 0.00669783 0.149673 0.00437382 0 0 0.160748 0.154021 
88400 0.00666907 0.149608 0.00434158 0 0 0.160624 0.153925 
88600 0.00664031 0.149544 0.00430934 0 0 0.1605 0.153829 
88800 0.00661154 0.14948 0.0042771 0 0 0.160375 0.153733 
89000 0.00658278 0.149416 0.00424485 0 0 0.160251 0.153638 
89200 0.00655419 0.149352 0.00421287 0 0 0.160127 0.153543 
89400 0.00652718 0.149288 0.00418327 0 0 0.160007 0.153453 
89600 0.00650016 0.149224 0.00415366 0 0 0.159887 0.153364 
89800 0.00647314 0.149161 0.00412406 0 0 0.159767 0.153275 
90000 0.00644613 0.149097 0.00409445 0 0 0.159647 0.153185 
90200 0.00641911 0.149033 0.00406484 0 0 0.159527 0.153096 
90400 0.00639209 0.148969 0.00403524 0 0 0.159407 0.153007 
90600 0.00636508 0.148906 0.00400563 0 0 0.159287 0.152917 
90800 0.00633806 0.148842 0.00397602 0 0 0.159167 0.152828 
91000 0.00631141 0.148779 0.00394722 0 0 0.159049 0.152739 
91200 0.00628546 0.148717 0.00391993 0 0 0.158932 0.152648 
91400 0.00625951 0.148656 0.00389263 0 0 0.158816 0.152558 
91600 0.00623355 0.148594 0.00386533 0 0 0.158699 0.152468 
91800 0.0062076 0.148532 0.00383803 0 0 0.158583 0.152378 
92000 0.00618164 0.148471 0.00381073 0 0 0.158466 0.152288 
92200 0.00615569 0.148409 0.00378343 0 0 0.15835 0.152198 
92400 0.00612973 0.148347 0.00375613 0 0 0.158233 0.152108 
92600 0.00610378 0.148286 0.00372884 0 0 0.158117 0.152018 
92800 0.00607864 0.148224 0.00370247 0 0 0.158003 0.151929 
93000 0.00605451 0.148162 0.00367726 0 0 0.157892 0.151841 
93200 0.00603037 0.148101 0.00365204 0 0 0.157782 0.151753 
93400 0.00600623 0.148039 0.00362682 0 0 0.157671 0.151664 
93600 0.0059821 0.147977 0.00360161 0 0 0.157561 0.151576 
93800 0.00595796 0.147916 0.00357639 0 0 0.15745 0.151488 
94000 0.00593382 0.147854 0.00355117 0 0 0.15734 0.151399 
94200 0.00590969 0.147792 0.00352596 0 0 0.157229 0.151311 
94400 0.00588555 0.147731 0.00350074 0 0 0.157119 0.151223 
94600 0.00586183 0.147668 0.00347635 0 0 0.157008 0.151135 
94800 0.00583872 0.147605 0.00345319 0 0 0.156897 0.151049 
95000 0.00581562 0.147541 0.00343004 0 0 0.156785 0.150964 
95200 0.00579252 0.147477 0.00340689 0 0 0.156674 0.150878 
95400 0.00576942 0.147413 0.00338373 0 0 0.156563 0.150792 
95600 0.00574632 0.147349 0.00336058 0 0 0.156452 0.150706 
95800 0.00572321 0.147285 0.00333743 0 0 0.156341 0.15062 
96000 0.00570011 0.147222 0.00331427 0 0 0.156229 0.150534 
96200 0.00567701 0.147158 0.00329112 0 0 0.156118 0.150448 
96400 0.00565407 0.147095 0.00326824 0 0 0.156008 0.150363 
96600 0.00563208 0.147035 0.00324688 0 0 0.155903 0.150282 
96800 0.00561008 0.146976 0.00322553 0 0 0.155799 0.150201 
97000 0.00558809 0.146916 0.00320418 0 0 0.155694 0.150121 
97200 0.00556609 0.146857 0.00318282 0 0 0.15559 0.15004 
97400 0.0055441 0.146798 0.00316147 0 0 0.155485 0.149959 
97600 0.0055221 0.146738 0.00314012 0 0 0.15538 0.149879 
97800 0.00550011 0.146679 0.00311876 0 0 0.155276 0.149798 
98000 0.00547811 0.14662 0.00309741 0 0 0.155171 0.149717 
98200 0.00545612 0.14656 0.00307606 0 0 0.155067 0.149637 
98400 0.00543514 0.146498 0.00305596 0 0 0.154964 0.149554 
98600 0.0054145 0.146436 0.00303627 0 0 0.154863 0.14947 
98800 0.00539386 0.146373 0.00301658 0 0 0.154762 0.149386 
99000 0.00537321 0.14631 0.0029969 0 0 0.154661 0.149302 
99200 0.00535257 0.146247 0.00297721 0 0 0.154559 0.149218 
99400 0.00533193 0.146185 0.00295753 0 0 0.154458 0.149134 
99600 0.00531129 0.146122 0.00293784 0 0 0.154357 0.14905 
99800 0.00529065 0.146059 0.00291816 0 0 0.154256 0.148966 
100000 0.00527001 0.145996 0.00289847 0 0 0.154154 0.148882 
100200 0.00525184 0.145955 0.00288219 0 0 0.154092 0.148828 
100400 0.00523181 0.145892 0.0028636 0 0 0.15399 0.148745 
100600 0.00521177 0.145829 0.00284501 0 0 0.153887 0.148663 
100800 0.00519174 0.145765 0.00282643 0 0 0.153785 0.14858 
101000 0.0051717 0.145702 0.00280784 0 0 0.153683 0.148498 
101200 0.00515167 0.145639 0.00278925 0 0 0.153581 0.148415 
101400 0.00513163 0.145576 0.00277067 0 0 0.153479 0.148332 
101600 0.0051116 0.145513 0.00275208 0 0 0.153377 0.14825 
101800 0.00509156 0.14545 0.00273349 0 0 0.153275 0.148167 
102000 0.00507153 0.145387 0.0027149 0 0 0.153172 0.148085 
102200 0.0050523 0.145325 0.0026973 0 0 0.153073 0.148006 
102400 0.00503387 0.145265 0.00268068 0 0 0.152976 0.147932 
102600 0.00501545 0.145205 0.00266406 0 0 0.15288 0.147857 
102800 0.00499702 0.145145 0.00264744 0 0 0.152783 0.147783 
103000 0.00497859 0.145085 0.00263082 0 0 0.152687 0.147709 
103200 0.00496017 0.145025 0.00261421 0 0 0.15259 0.147634 
103400 0.00494174 0.144965 0.00259759 0 0 0.152493 0.14756 
103600 0.00492332 0.144905 0.00258097 0 0 0.152397 0.147486 
103800 0.00490489 0.144845 0.00256435 0 0 0.1523 0.147411 
104000 0.00488646 0.144786 0.00254773 0 0 0.152203 0.147337 
104200 0.00486875 0.144727 0.00253201 0 0 0.152111 0.147263 
104400 0.00485176 0.14467 0.00251718 0 0 0.152022 0.147188 
104600 0.00483477 0.144613 0.00250235 0 0 0.151933 0.147114 
104800 0.00481777 0.144556 0.00248753 0 0 0.151845 0.14704 
105000 0.00480078 0.144498 0.0024727 0 0 0.151756 0.146965 
105200 0.00478379 0.144441 0.00245787 0 0 0.151667 0.146891 
105400 0.00476679 0.144384 0.00244305 0 0 0.151578 0.146817 
105600 0.0047498 0.144327 0.00242822 0 0 0.15149 0.146743 
105800 0.00473281 0.14427 0.0024134 0 0 0.151401 0.146668 
106000 0.00471581 0.144213 0.00239857 0 0 0.151312 0.146594 
106200 0.00469882 0.144156 0.00238374 0 0 0.151223 0.14652 
106400 0.00468164 0.144093 0.00236913 0 0 0.151132 0.146446 
106600 0.00466447 0.144029 0.00235453 0 0 0.15104 0.146372 
106800 0.0046473 0.143966 0.00233992 0 0 0.150948 0.146298 
107000 0.00463012 0.143903 0.00232531 0 0 0.150856 0.146225 
107200 0.00461295 0.14384 0.0023107 0 0 0.150764 0.146151 
107400 0.00459578 0.143776 0.00229609 0 0 0.150672 0.146077 
107600 0.00457861 0.143713 0.00228148 0 0 0.15058 0.146004 
107800 0.00456143 0.14365 0.00226687 0 0 0.150488 0.14593 
108000 0.00454426 0.143587 0.00225227 0 0 0.150396 0.145856 
108200 0.00452708 0.143523 0.00223766 0 0 0.150305 0.145782 
108400 0.00451201 0.143469 0.00222518 0 0 0.150221 0.145713 
108600 0.00449693 0.143414 0.00221269 0 0 0.150138 0.145643 
108800 0.00448184 0.14336 0.00220021 0 0 0.150055 0.145573 
109000 0.00446676 0.143305 0.00218773 0 0 0.149971 0.145503 
109200 0.00445168 0.143251 0.00217524 0 0 0.149888 0.145434 
109400 0.0044366 0.143196 0.00216276 0 0 0.149805 0.145364 
109600 0.00442152 0.143142 0.00215028 0 0 0.149721 0.145294 
109800 0.00440644 0.143087 0.0021378 0 0 0.149638 0.145224 
110000 0.00439136 0.143033 0.00212531 0 0 0.149555 0.145155 
110200 0.00437628 0.142978 0.00211283 0 0 0.149471 0.145085 
110400 0.0043612 0.142924 0.00210035 0 0 0.149388 0.145015 
110600 0.00434599 0.142863 0.00208812 0 0 0.149301 0.144945 
110800 0.00433078 0.142803 0.00207589 0 0 0.149213 0.144875 
111000 0.00431557 0.142743 0.00206366 0 0 0.149126 0.144805 
111200 0.00430035 0.142683 0.00205144 0 0 0.149039 0.144735 
111400 0.00428515 0.142622 0.00203921 0 0 0.148951 0.144665 
111600 0.00426993 0.142562 0.00202698 0 0 0.148864 0.144595 
111800 0.00425472 0.142502 0.00201475 0 0 0.148777 0.144525 
112000 0.00423951 0.142442 0.00200253 0 0 0.148689 0.144455 
112200 0.0042243 0.142381 0.0019903 0 0 0.148602 0.144385 
112400 0.00420909 0.142321 0.00197807 0 0 0.148515 0.144315 
112600 0.00419451 0.142262 0.00196646 0 0 0.14843 0.144245 
112800 0.00418057 0.142203 0.00195547 0 0 0.148347 0.144176 
113000 0.00416663 0.142145 0.00194447 0 0 0.148264 0.144106 
113200 0.00415269 0.142087 0.00193348 0 0 0.148181 0.144037 
113400 0.00413875 0.142029 0.00192248 0 0 0.148098 0.143968 
113600 0.00412482 0.14197 0.00191149 0 0 0.148015 0.143898 
113800 0.00411088 0.141912 0.00190049 0 0 0.147932 0.143829 
114000 0.00409694 0.141854 0.0018895 0 0 0.147849 0.143759 
114200 0.004083 0.141795 0.0018785 0 0 0.147766 0.14369 
114400 0.00406906 0.141737 0.00186751 0 0 0.147683 0.143621 
114600 0.00405512 0.141679 0.00185651 0 0 0.1476 0.143551 
114800 0.00404167 0.141623 0.00184608 0 0 0.147519 0.143483 
115000 0.00402871 0.14157 0.00183622 0 0 0.14744 0.143417 
115200 0.00401575 0.141517 0.00182635 0 0 0.147361 0.143351 
115400 0.00400279 0.141464 0.00181648 0 0 0.147281 0.143285 
115600 0.00398984 0.141411 0.00180661 0 0 0.147202 0.143219 
115800 0.00397688 0.141358 0.00179675 0 0 0.147123 0.143152 
116000 0.00396392 0.141305 0.00178688 0 0 0.147044 0.143086 
116200 0.00395096 0.141252 0.00177701 0 0 0.146965 0.14302 
116400 0.003938 0.141199 0.00176715 0 0 0.146886 0.142954 
116600 0.00392505 0.141146 0.00175728 0 0 0.146806 0.142888 
116800 0.00391209 0.141094 0.00174741 0 0 0.146727 0.142822 
117000 0.00389913 0.141041 0.00173755 0 0 0.146648 0.142755 
117200 0.00388613 0.140982 0.0017279 0 0 0.146569 0.142689 
117400 0.00387314 0.140924 0.00171826 0 0 0.14649 0.142623 
117600 0.00386014 0.140866 0.00170862 0 0 0.146412 0.142557 
117800 0.00384715 0.140807 0.00169897 0 0 0.146333 0.14249 
118000 0.00383415 0.140749 0.00168933 0 0 0.146254 0.142424 
118200 0.00382115 0.140691 0.00167969 0 0 0.146175 0.142358 
118400 0.00380816 0.140632 0.00167005 0 0 0.146096 0.142292 
118600 0.00379516 0.140574 0.0016604 0 0 0.146017 0.142225 
118800 0.00378216 0.140516 0.00165076 0 0 0.145938 0.142159 
119000 0.00376917 0.140457 0.00164112 0 0 0.14586 0.142093 
119200 0.00375617 0.140399 0.00163147 0 0 0.145781 0.142027 
119400 0.00374464 0.140343 0.00162316 0 0 0.145706 0.141963 
119600 0.00373311 0.140287 0.00161485 0 0 0.145631 0.1419 
119800 0.00372158 0.14023 0.00160654 0 0 0.145556 0.141837 
120000 0.00371005 0.140174 0.00159823 0 0 0.145481 0.141773 
120200 0.00369852 0.140118 0.00158992 0 0 0.145406 0.14171 
120400 0.00368699 0.140062 0.00158161 0 0 0.145331 0.141647 
120600 0.00367546 0.140006 0.0015733 0 0 0.145256 0.141584 
120800 0.00366393 0.13995 0.00156499 0 0 0.145181 0.14152 
121000 0.0036524 0.139893 0.00155668 0 0 0.145106 0.141457 
121200 0.00364087 0.139837 0.00154837 0 0 0.145031 0.141394 
121400 0.00362934 0.139781 0.00154006 0 0 0.144956 0.141331 
121600 0.00361782 0.139725 0.00153175 0 0 0.144881 0.141267 
121800 0.00360672 0.139671 0.00152395 0 0 0.144809 0.141207 
122000 0.00359563 0.139618 0.00151614 0 0 0.144737 0.141147 
122200 0.00358454 0.139564 0.00150834 0 0 0.144665 0.141086 
122400 0.00357344 0.139511 0.00150054 0 0 0.144593 0.141026 
122600 0.00356235 0.139457 0.00149273 0 0 0.144521 0.140965 
122800 0.00355126 0.139404 0.00148493 0 0 0.14445 0.140905 
123000 0.00354016 0.13935 0.00147712 0 0 0.144378 0.140845 
123200 0.00352907 0.139297 0.00146932 0 0 0.144306 0.140784 
123400 0.00351798 0.139243 0.00146151 0 0 0.144234 0.140724 
123600 0.00350689 0.13919 0.00145371 0 0 0.144162 0.140663 
123800 0.00349579 0.139136 0.00144591 0 0 0.14409 0.140603 
124000 0.0034847 0.139083 0.0014381 0 0 0.144018 0.140543 
124200 0.003474 0.139029 0.00143078 0 0 0.143943 0.14048 
124400 0.00346329 0.138976 0.00142347 0 0 0.143869 0.140417 
124600 0.00345259 0.138922 0.00141615 0 0 0.143794 0.140354 
124800 0.00344189 0.138869 0.00140884 0 0 0.143719 0.140291 
125000 0.00343119 0.138816 0.00140152 0 0 0.143645 0.140228 
125200 0.00342049 0.138762 0.0013942 0 0 0.14357 0.140165 
125400 0.00340978 0.138709 0.00138689 0 0 0.143496 0.140102 
125600 0.00339908 0.138655 0.00137957 0 0 0.143421 0.140039 
125800 0.00338838 0.138602 0.00137225 0 0 0.143346 0.139976 
126000 0.00337768 0.138548 0.00136494 0 0 0.143272 0.139913 
126200 0.00336698 0.138495 0.00135762 0 0 0.143197 0.13985 
126400 0.00335627 0.138441 0.00135031 0 0 0.143122 0.139787 
126600 0.00334595 0.138384 0.00134343 0 0 0.143051 0.139724 
126800 0.00333563 0.138327 0.00133655 0 0 0.14298 0.139661 
127000 0.0033253 0.13827 0.00132967 0 0 0.142909 0.139598 
127200 0.00331498 0.138213 0.00132279 0 0 0.142838 0.139535 
127400 0.00330466 0.138156 0.00131591 0 0 0.142767 0.139473 
127600 0.00329433 0.1381 0.00130903 0 0 0.142696 0.13941 
127800 0.00328401 0.138043 0.00130215 0 0 0.142625 0.139347 
128000 0.00327369 0.137986 0.00129527 0 0 0.142554 0.139284 
128200 0.00326336 0.137929 0.00128839 0 0 0.142483 0.139221 
128400 0.00325304 0.137872 0.00128151 0 0 0.142412 0.139158 
128600 0.00324271 0.137815 0.00127463 0 0 0.142341 0.139095 
128800 0.00323239 0.137758 0.00126775 0 0 0.14227 0.139032 
129000 0.0032232 0.137708 0.00126181 0 0 0.142204 0.138974 
129200 0.003214 0.137658 0.00125586 0 0 0.142138 0.138916 
129400 0.00320481 0.137608 0.00124992 0 0 0.142072 0.138858 
129600 0.00319562 0.137558 0.00124397 0 0 0.142006 0.1388 
129800 0.00318642 0.137508 0.00123803 0 0 0.14194 0.138742 
130000 0.00317723 0.137458 0.00123208 0 0 0.141874 0.138684 
130200 0.00316804 0.137408 0.00122614 0 0 0.141808 0.138627 
130400 0.00315884 0.137357 0.00122019 0 0 0.141742 0.138569 
130600 0.00314965 0.137307 0.00121425 0 0 0.141675 0.138511 
130800 0.00314046 0.137257 0.0012083 0 0 0.141609 0.138453 
131000 0.00313127 0.137207 0.00120236 0 0 0.141543 0.138395 
131200 0.00312207 0.137157 0.00119641 0 0 0.141477 0.138337 
131400 0.00311288 0.137107 0.00119047 0 0 0.141411 0.138279 
131600 0.00310369 0.137053 0.00118466 0 0 0.141343 0.138221 
131800 0.00309449 0.136999 0.00117886 0 0 0.141275 0.138164 
132000 0.0030853 0.136945 0.00117305 0 0 0.141207 0.138106 
132200 0.00307611 0.136891 0.00116725 0 0 0.141139 0.138048 
132400 0.00306692 0.136837 0.00116145 0 0 0.141071 0.137991 
132600 0.00305772 0.136783 0.00115564 0 0 0.141003 0.137933 
132800 0.00304853 0.136729 0.00114984 0 0 0.140935 0.137876 
133000 0.00303934 0.136675 0.00114404 0 0 0.140867 0.137818 
133200 0.00303015 0.136621 0.00113823 0 0 0.140799 0.13776 
133400 0.00302095 0.136567 0.00113243 0 0 0.140731 0.137703 
133600 0.00301176 0.136513 0.00112663 0 0 0.140663 0.137645 
133800 0.00300257 0.13646 0.00112082 0 0 0.140595 0.137588 
134000 0.00299386 0.136407 0.0011154 0 0 0.140528 0.137531 
134200 0.00298563 0.136357 0.00111035 0 0 0.140463 0.137475 
134400 0.00297741 0.136306 0.00110531 0 0 0.140398 0.13742 
134600 0.00296918 0.136255 0.00110026 0 0 0.140333 0.137364 
134800 0.00296095 0.136205 0.00109522 0 0 0.140267 0.137308 
135000 0.00295273 0.136154 0.00109018 0 0 0.140202 0.137253 
135200 0.0029445 0.136103 0.00108513 0 0 0.140137 0.137197 
135400 0.00293627 0.136053 0.00108009 0 0 0.140072 0.137141 
135600 0.00292805 0.136002 0.00107504 0 0 0.140007 0.137086 
135800 0.00291982 0.135952 0.00107 0 0 0.139941 0.13703 
136000 0.00291159 0.135901 0.00106495 0 0 0.139876 0.136974 
136200 0.00290337 0.13585 0.00105991 0 0 0.139811 0.136919 
136400 0.00289514 0.1358 0.00105486 0 0 0.139746 0.136863 
136600 0.00288692 0.135749 0.00104982 0 0 0.13968 0.136807 
136800 0.00287869 0.135696 0.00104492 0 0 0.139615 0.13675 
137000 0.00287047 0.135644 0.00104001 0 0 0.13955 0.136693 
137200 0.00286225 0.135591 0.00103511 0 0 0.139485 0.136636 
137400 0.00285403 0.135539 0.00103021 0 0 0.13942 0.136579 
137600 0.00284581 0.135486 0.0010253 0 0 0.139355 0.136522 
137800 0.00283759 0.135434 0.0010204 0 0 0.139289 0.136465 
138000 0.00282936 0.135381 0.0010155 0 0 0.139224 0.136408 
138200 0.00282114 0.135328 0.00101059 0 0 0.139159 0.136351 
138400 0.00281292 0.135276 0.00100569 0 0 0.139094 0.136294 
138600 0.0028047 0.135223 0.00100079 0 0 0.139029 0.136237 
138800 0.00279648 0.135171 0.000995883 0 0 0.138963 0.13618 
139000 0.00278826 0.135118 0.00099098 0 0 0.138898 0.136123 
139200 0.00278003 0.135066 0.000986077 0 0 0.138833 0.136066 
139400 0.0027724 0.135014 0.000981639 0 0 0.13877 0.13601 
139600 0.00276477 0.134963 0.000977201 0 0 0.138708 0.135955 
139800 0.00275714 0.134912 0.000972762 0 0 0.138645 0.135899 
140000 0.00274951 0.13486 0.000968324 0 0 0.138582 0.135844 
140200 0.00274187 0.134809 0.000963886 0 0 0.13852 0.135788 
140400 0.00273424 0.134758 0.000959448 0 0 0.138457 0.135733 
140600 0.00272661 0.134707 0.00095501 0 0 0.138394 0.135677 
140800 0.00271898 0.134655 0.000950572 0 0 0.138332 0.135622 
141000 0.00271135 0.134604 0.000946134 0 0 0.138269 0.135566 
141200 0.00270371 0.134553 0.000941696 0 0 0.138206 0.135511 
141400 0.00269608 0.134502 0.000937258 0 0 0.138144 0.135455 
141600 0.00268845 0.13445 0.00093282 0 0 0.138081 0.1354 
141800 0.00268082 0.134399 0.000928382 0 0 0.138018 0.135344 
142000 0.00267346 0.134349 0.000924149 0 0 0.137957 0.13529 
142200 0.00266637 0.1343 0.000920121 0 0 0.137897 0.135236 
142400 0.00265929 0.134251 0.000916094 0 0 0.137836 0.135183 
142600 0.0026522 0.134202 0.000912066 0 0 0.137776 0.135129 
142800 0.00264512 0.134154 0.000908039 0 0 0.137716 0.135076 
143000 0.00263803 0.134105 0.000904011 0 0 0.137655 0.135022 
143200 0.00263094 0.134056 0.000899984 0 0 0.137595 0.134969 
143400 0.00262386 0.134007 0.000895956 0 0 0.137534 0.134915 
143600 0.00261677 0.133958 0.000891929 0 0 0.137474 0.134862 
143800 0.00260969 0.133909 0.000887901 0 0 0.137414 0.134808 
144000 0.0026026 0.133861 0.000883874 0 0 0.137353 0.134755 
144200 0.00259551 0.133812 0.000879847 0 0 0.137293 0.134701 
144400 0.00258843 0.133763 0.000875819 0 0 0.137233 0.134648 
144600 0.00258134 0.133714 0.000871792 0 0 0.137172 0.134594 
144800 0.00257439 0.133665 0.000867898 0 0 0.137112 0.134541 
145000 0.00256756 0.133616 0.000864138 0 0 0.137052 0.134488 
145200 0.00256073 0.133568 0.000860377 0 0 0.136992 0.134434 
145400 0.00255391 0.133519 0.000856617 0 0 0.136931 0.134381 
145600 0.00254708 0.13347 0.000852857 0 0 0.136871 0.134327 
145800 0.00254025 0.133421 0.000849097 0 0 0.136811 0.134274 
146000 0.00253343 0.133372 0.000845337 0 0 0.13675 0.134221 
146200 0.0025266 0.133323 0.000841576 0 0 0.13669 0.134167 
146400 0.00251977 0.133274 0.000837816 0 0 0.13663 0.134114 
146600 0.00251295 0.133226 0.000834056 0 0 0.13657 0.13406 
146800 0.00250612 0.133177 0.000830296 0 0 0.136509 0.134007 
147000 0.0024993 0.133128 0.000826536 0 0 0.136449 0.133953 
147200 0.00249247 0.133079 0.000822775 0 0 0.136389 0.1339 
147400 0.00248564 0.13303 0.000819015 0 0 0.136328 0.133847 
147600 0.00247908 0.132982 0.000815438 0 0 0.13627 0.133794 
147800 0.00247277 0.132934 0.000812044 0 0 0.136212 0.133742 
148000 0.00246646 0.132886 0.00080865 0 0 0.136155 0.133689 
148200 0.00246016 0.132838 0.000805255 0 0 0.136098 0.133637 
148400 0.00245385 0.13279 0.000801861 0 0 0.136041 0.133585 
148600 0.00244754 0.132742 0.000798467 0 0 0.135983 0.133533 
148800 0.00244124 0.132694 0.000795073 0 0 0.135926 0.133481 
149000 0.00243493 0.132646 0.000791679 0 0 0.135869 0.133428 
149200 0.00242862 0.132598 0.000788284 0 0 0.135812 0.133376 
149400 0.00242232 0.13255 0.00078489 0 0 0.135754 0.133324 
149600 0.00241601 0.132502 0.000781496 0 0 0.135697 0.133272 
149800 0.0024097 0.132454 0.000778102 0 0 0.13564 0.133219 
150000 0.0024034 0.132406 0.000774707 0 0 0.135583 0.133167 
150200 0.0023967 0.132359 0.000771115 0 0 0.135519 0.13312 
150400 0.00239001 0.132313 0.000767523 0 0 0.135455 0.133073 
150600 0.00238409 0.132266 0.000764423 0 0 0.135399 0.133023 
150800 0.00237817 0.132218 0.000761323 0 0 0.135343 0.132974 
151000 0.00237225 0.13217 0.000758223 0 0 0.135287 0.132924 
151200 0.00236633 0.132122 0.000755123 0 0 0.135231 0.132874 
151400 0.0023604 0.132075 0.000752023 0 0 0.135175 0.132824 
151600 0.00235448 0.132027 0.000748922 0 0 0.135118 0.132775 
151800 0.00234856 0.131979 0.000745822 0 0 0.135062 0.132725 
152000 0.00234264 0.131931 0.000742722 0 0 0.135006 0.132675 
152200 0.00233672 0.131884 0.000739622 0 0 0.13495 0.132625 
152400 0.0023308 0.131836 0.000736522 0 0 0.134894 0.132576 
152600 0.00232488 0.131788 0.000733422 0 0 0.134838 0.132526 
152800 0.00231895 0.13174 0.000730322 0 0 0.134782 0.132476 
153000 0.00231303 0.131693 0.000727221 0 0 0.134725 0.132426 
153200 0.00230711 0.131645 0.000724121 0 0 0.134669 0.132377 
153400 0.00230119 0.131597 0.000721021 0 0 0.134613 0.132327 
153600 0.00229546 0.131551 0.000718113 0 0 0.134558 0.132277 
153800 0.00228973 0.131505 0.000715204 0 0 0.134502 0.132227 
154000 0.002284 0.131459 0.000712295 0 0 0.134447 0.132178 
154200 0.00227828 0.131412 0.000709387 0 0 0.134391 0.132128 
154400 0.00227255 0.131366 0.000706478 0 0 0.134336 0.132078 
154600 0.00226682 0.13132 0.00070357 0 0 0.13428 0.132029 
154800 0.00226109 0.131274 0.000700661 0 0 0.134225 0.131979 
155000 0.00225536 0.131228 0.000697752 0 0 0.134169 0.131929 
155200 0.00224964 0.131181 0.000694844 0 0 0.134114 0.13188 
155400 0.00224391 0.131135 0.000691935 0 0 0.134058 0.13183 
155600 0.00223818 0.131089 0.000689026 0 0 0.134003 0.13178 
155800 0.00223245 0.131043 0.000686118 0 0 0.133947 0.13173 
156000 0.00222672 0.130997 0.000683209 0 0 0.133892 0.131681 
156200 0.00222099 0.13095 0.000680301 0 0 0.133836 0.131631 
156400 0.00221527 0.130904 0.000677392 0 0 0.133781 0.131581 
156600 0.00220978 0.130856 0.000674664 0 0 0.133725 0.131529 
156800 0.00220429 0.130808 0.000671935 0 0 0.133669 0.131478 
157000 0.00219881 0.130759 0.000669207 0 0 0.133613 0.131426 
157200 0.00219332 0.130711 0.000666478 0 0 0.133557 0.131374 
157400 0.00218784 0.130663 0.00066375 0 0 0.133501 0.131322 
157600 0.00218235 0.130614 0.000661021 0 0 0.133444 0.13127 
157800 0.00217686 0.130566 0.000658293 0 0 0.133388 0.131219 
158000 0.00217138 0.130518 0.000655564 0 0 0.133332 0.131167 
158200 0.00216589 0.130469 0.000652836 0 0 0.133276 0.131115 
158400 0.00216041 0.130421 0.000650107 0 0 0.13322 0.131063 
158600 0.00215492 0.130373 0.000647379 0 0 0.133164 0.131011 
158800 0.00214943 0.130324 0.000644651 0 0 0.133108 0.130959 
159000 0.00214395 0.130276 0.000641922 0 0 0.133052 0.130908 
159200 0.00213846 0.130228 0.000639194 0 0 0.132996 0.130856 
159400 0.00213298 0.130179 0.000636465 0 0 0.13294 0.130804 
159600 0.00212785 0.130132 0.000633987 0 0 0.132887 0.130756 
159800 0.00212273 0.130086 0.000631509 0 0 0.132833 0.130708 
160000 0.00211761 0.130039 0.000629032 0 0 0.132779 0.13066 
160200 0.00211248 0.129992 0.000626554 0 0 0.132726 0.130612 
160400 0.00210736 0.129945 0.000624076 0 0 0.132672 0.130564 
160600 0.00210223 0.129898 0.000621598 0 0 0.132619 0.130516 
160800 0.00209711 0.129852 0.00061912 0 0 0.132565 0.130468 
161000 0.00209199 0.129805 0.000616642 0 0 0.132511 0.13042 
161200 0.00208686 0.129758 0.000614165 0 0 0.132458 0.130372 
161400 0.00208174 0.129711 0.000611687 0 0 0.132404 0.130324 
161600 0.00207662 0.129664 0.000609209 0 0 0.132351 0.130276 
161800 0.00207149 0.129618 0.000606731 0 0 0.132297 0.130228 
162000 0.00206637 0.129571 0.000604253 0 0 0.132243 0.13018 
162200 0.00206125 0.129524 0.000601775 0 0 0.13219 0.130132 
162400 0.00205612 0.129477 0.000599298 0 0 0.132136 0.130084 
162600 0.00205116 0.129432 0.00059693 0 0 0.132083 0.130036 
162800 0.00204636 0.129389 0.000594672 0 0 0.132032 0.12999 
163000 0.00204156 0.129346 0.000592414 0 0 0.13198 0.129943 
163200 0.00203675 0.129302 0.000590156 0 0 0.131928 0.129897 
163400 0.00203195 0.129259 0.000587899 0 0 0.131876 0.12985 
163600 0.00202715 0.129216 0.000585641 0 0 0.131824 0.129804 
163800 0.00202235 0.129172 0.000583383 0 0 0.131772 0.129758 
164000 0.00201754 0.129129 0.000581125 0 0 0.13172 0.129711 
164200 0.00201274 0.129086 0.000578868 0 0 0.131668 0.129665 
164400 0.00200794 0.129043 0.00057661 0 0 0.131616 0.129618 
164600 0.00200314 0.128999 0.000574352 0 0 0.131564 0.129572 
164800 0.00199833 0.128956 0.000572095 0 0 0.131513 0.129525 
165000 0.00199353 0.128913 0.000569837 0 0 0.131461 0.129479 
165200 0.00198873 0.128869 0.000567579 0 0 0.131409 0.129432 
165400 0.00198393 0.128826 0.000565321 0 0 0.131357 0.129386 
165600 0.00197912 0.128783 0.000563063 0 0 0.131305 0.129339 
165800 0.00197449 0.128739 0.000560909 0 0 0.131254 0.129293 
166000 0.00197002 0.128695 0.000558858 0 0 0.131203 0.129248 
166200 0.00196555 0.128651 0.000556807 0 0 0.131152 0.129203 
166400 0.00196108 0.128607 0.000554756 0 0 0.131101 0.129158 
166600 0.00195662 0.128563 0.000552706 0 0 0.13105 0.129113 
166800 0.00195215 0.128519 0.000550655 0 0 0.131 0.129068 
167000 0.00194768 0.128475 0.000548604 0 0 0.130949 0.129023 
167200 0.00194321 0.128431 0.000546553 0 0 0.130898 0.128978 
167400 0.00193874 0.128387 0.000544502 0 0 0.130847 0.128933 
167600 0.00193427 0.128343 0.000542451 0 0 0.130796 0.128888 
167800 0.00192981 0.1283 0.0005404 0 0 0.130746 0.128843 
168000 0.00192534 0.128256 0.000538349 0 0 0.130695 0.128798 
168200 0.00192087 0.128212 0.000536298 0 0 0.130644 0.128753 
168400 0.0019164 0.128168 0.000534247 0 0 0.130593 0.128708 
168600 0.00191193 0.128124 0.000532197 0 0 0.130542 0.128663 
168800 0.00190747 0.12808 0.000530146 0 0 0.130492 0.128618 
169000 0.001903 0.128036 0.000528095 0 0 0.130441 0.128573 
169200 0.0018987 0.127992 0.000526168 0 0 0.130392 0.128526 
169400 0.0018944 0.127948 0.000524241 0 0 0.130344 0.128479 
169600 0.0018901 0.127904 0.000522315 0 0 0.130296 0.128432 
169800 0.0018858 0.12786 0.000520388 0 0 0.130248 0.128385 
170000 0.00188149 0.127816 0.000518461 0 0 0.130199 0.128338 
170200 0.00187719 0.127772 0.000516534 0 0 0.130151 0.128291 
170400 0.00187289 0.127728 0.000514608 0 0 0.130103 0.128244 
170600 0.00186859 0.127684 0.000512681 0 0 0.130055 0.128197 
170800 0.00186429 0.12764 0.000510754 0 0 0.130006 0.12815 
171000 0.00185999 0.127596 0.000508827 0 0 0.129958 0.128103 
171200 0.00185569 0.127552 0.000506901 0 0 0.12991 0.128056 
171400 0.00185139 0.127508 0.000504974 0 0 0.129862 0.128009 
171600 0.00184709 0.127464 0.000503047 0 0 0.129813 0.127962 
171800 0.00184279 0.12742 0.000501121 0 0 0.129765 0.127915 
172000 0.00183849 0.127376 0.000499194 0 0 0.129717 0.127868 
172200 0.00183419 0.127332 0.000497267 0 0 0.129668 0.127821 
172400 0.00182997 0.127288 0.000495398 0 0 0.129619 0.127775 
172600 0.00182582 0.127244 0.000493588 0 0 0.129569 0.12773 
172800 0.00182167 0.1272 0.000491777 0 0 0.129519 0.127685 
173000 0.00181752 0.127156 0.000489967 0 0 0.129469 0.12764 
173200 0.00181337 0.127112 0.000488156 0 0 0.129418 0.127595 
173400 0.00180922 0.127068 0.000486346 0 0 0.129368 0.12755 
173600 0.00180507 0.127024 0.000484535 0 0 0.129318 0.127505 
173800 0.00180092 0.126981 0.000482725 0 0 0.129268 0.12746 
174000 0.00179677 0.126937 0.000480914 0 0 0.129218 0.127415 
174200 0.00179262 0.126893 0.000479104 0 0 0.129167 0.12737 
174400 0.00178847 0.126849 0.000477293 0 0 0.129117 0.127325 
174600 0.00178432 0.126805 0.000475483 0 0 0.129067 0.12728 
174800 0.00178017 0.126761 0.000473672 0 0 0.129017 0.127235 
175000 0.00177602 0.126717 0.000471862 0 0 0.128967 0.12719 
175200 0.00177187 0.126673 0.000470051 0 0 0.128916 0.127145 
175400 0.00176772 0.126629 0.000468241 0 0 0.128866 0.1271 
175600 0.00176357 0.126585 0.00046643 0 0 0.128816 0.127055 
175800 0.0017598 0.126543 0.000464832 0 0 0.128769 0.127011 
176000 0.00175602 0.126501 0.000463234 0 0 0.128721 0.126967 
176200 0.00175225 0.126459 0.000461636 0 0 0.128674 0.126922 
176400 0.00174847 0.126417 0.000460038 0 0 0.128627 0.126878 
176600 0.0017447 0.126375 0.000458441 0 0 0.128579 0.126834 
176800 0.00174093 0.126333 0.000456843 0 0 0.128532 0.12679 
177000 0.00173715 0.126291 0.000455245 0 0 0.128485 0.126745 
177200 0.00173338 0.126249 0.000453647 0 0 0.128438 0.126701 
177400 0.0017296 0.126207 0.000452049 0 0 0.12839 0.126657 
177600 0.00172583 0.126165 0.000450451 0 0 0.128343 0.126613 
177800 0.00172205 0.126123 0.000448853 0 0 0.128296 0.126568 
178000 0.00171828 0.126081 0.000447255 0 0 0.128248 0.126524 
178200 0.00171451 0.126039 0.000445657 0 0 0.128201 0.12648 
178400 0.00171073 0.125997 0.000444059 0 0 0.128154 0.126436 
178600 0.00170696 0.125955 0.000442461 0 0 0.128106 0.126391 
178800 0.00170318 0.125914 0.000440863 0 0 0.128059 0.126347 
179000 0.00169941 0.125872 0.000439265 0 0 0.128012 0.126303 
179200 0.00169571 0.12583 0.000437717 0 0 0.127965 0.126259 
179400 0.00169209 0.125788 0.000436217 0 0 0.127917 0.126216 
179600 0.00168847 0.125747 0.000434717 0 0 0.12787 0.126173 
179800 0.00168485 0.125705 0.000433217 0 0 0.127823 0.126131 
180000 0.00168123 0.125664 0.000431717 0 0 0.127775 0.126088 
180200 0.00167761 0.125622 0.000430217 0 0 0.127728 0.126045 
180400 0.001674 0.125581 0.000428717 0 0 0.127681 0.126002 
180600 0.00167038 0.12554 0.000427218 0 0 0.127634 0.125959 
180800 0.00166676 0.125498 0.000425718 0 0 0.127586 0.125916 
181000 0.00166314 0.125457 0.000424218 0 0 0.127539 0.125873 
181200 0.00165952 0.125415 0.000422718 0 0 0.127492 0.125831 
181400 0.0016559 0.125374 0.000421218 0 0 0.127444 0.125788 
181600 0.00165228 0.125332 0.000419718 0 0 0.127397 0.125745 
181800 0.00164866 0.125291 0.000418219 0 0 0.12735 0.125702 
182000 0.00164504 0.125249 0.000416719 0 0 0.127303 0.125659 
182200 0.00164142 0.125208 0.000415219 0 0 0.127255 0.125616 
182400 0.0016378 0.125166 0.000413719 0 0 0.127208 0.125573 
182600 0.00163418 0.125125 0.000412219 0 0 0.127161 0.12553 
182800 0.00163068 0.125083 0.000410807 0 0 0.127114 0.125486 
183000 0.00162718 0.125041 0.000409395 0 0 0.127066 0.125442 
183200 0.00162368 0.124999 0.000407982 0 0 0.127019 0.125398 
183400 0.00162018 0.124957 0.00040657 0 0 0.126972 0.125354 
183600 0.00161668 0.124915 0.000405158 0 0 0.126925 0.125309 
183800 0.00161318 0.124873 0.000403745 0 0 0.126877 0.125265 
184000 0.00160968 0.124831 0.000402333 0 0 0.12683 0.125221 
184200 0.00160618 0.124789 0.000400921 0 0 0.126783 0.125177 
184400 0.00160268 0.124747 0.000399508 0 0 0.126736 0.125133 
184600 0.00159918 0.124705 0.000398096 0 0 0.126688 0.125088 
184800 0.00159568 0.124663 0.000396684 0 0 0.126641 0.125044 
185000 0.00159218 0.124621 0.000395271 0 0 0.126594 0.125 
185200 0.00158868 0.124579 0.000393859 0 0 0.126547 0.124956 
185400 0.00158518 0.124537 0.000392447 0 0 0.126499 0.124912 
185600 0.00158168 0.124496 0.000391034 0 0 0.126452 0.124867 
185800 0.00157818 0.124454 0.000389622 0 0 0.126405 0.124823 
186000 0.00157468 0.124412 0.00038821 0 0 0.126358 0.124779 
186200 0.00157135 0.124371 0.000386876 0 0 0.126313 0.124737 
186400 0.00156818 0.124332 0.000385622 0 0 0.12627 0.124697 
186600 0.00156501 0.124293 0.000384368 0 0 0.126227 0.124657 
186800 0.00156184 0.124253 0.000383113 0 0 0.126184 0.124617 
187000 0.00155867 0.124214 0.000381859 0 0 0.126141 0.124577 
187200 0.0015555 0.124175 0.000380605 0 0 0.126098 0.124537 
187400 0.00155233 0.124136 0.00037935 0 0 0.126055 0.124497 
187600 0.00154917 0.124096 0.000378096 0 0 0.126012 0.124457 
187800 0.001546 0.124057 0.000376842 0 0 0.125969 0.124417 
188000 0.00154283 0.124018 0.000375587 0 0 0.125926 0.124377 
188200 0.00153966 0.123979 0.000374333 0 0 0.125884 0.124337 
188400 0.00153649 0.12394 0.000373079 0 0 0.125841 0.124297 
188600 0.00153332 0.1239 0.000371824 0 0 0.125798 0.124256 
188800 0.00153015 0.123861 0.00037057 0 0 0.125755 0.124216 
189000 0.00152698 0.123822 0.000369316 0 0 0.125712 0.124176 
189200 0.00152381 0.123783 0.000368061 0 0 0.125669 0.124136 
189400 0.00152064 0.123743 0.000366807 0 0 0.125626 0.124096 
189600 0.00151747 0.123704 0.000365553 0 0 0.125583 0.124056 
189800 0.0015143 0.123665 0.000364299 0 0 0.12554 0.124016 
190000 0.00151122 0.123623 0.000363124 0 0 0.125496 0.123974 
190200 0.00150814 0.123582 0.000361949 0 0 0.125451 0.123933 
190400 0.00150506 0.123541 0.000360774 0 0 0.125406 0.123891 
190600 0.00150197 0.123499 0.000359599 0 0 0.125362 0.123849 
190800 0.00149889 0.123458 0.000358424 0 0 0.125317 0.123807 
191000 0.00149581 0.123416 0.00035725 0 0 0.125272 0.123766 
191200 0.00149273 0.123375 0.000356075 0 0 0.125228 0.123724 
191400 0.00148964 0.123333 0.0003549 0 0 0.125183 0.123682 
191600 0.00148656 0.123292 0.000353725 0 0 0.125139 0.12364 
191800 0.00148348 0.12325 0.00035255 0 0 0.125094 0.123598 
192000 0.0014804 0.123209 0.000351376 0 0 0.125049 0.123557 
192200 0.00147731 0.123168 0.000350201 0 0 0.125005 0.123515 
192400 0.00147423 0.123126 0.000349026 0 0 0.12496 0.123473 
192600 0.00147115 0.123085 0.000347851 0 0 0.124915 0.123431 
192800 0.00146806 0.123043 0.000346676 0 0 0.124871 0.12339 
193000 0.00146498 0.123002 0.000345502 0 0 0.124826 0.123348 
193200 0.0014619 0.12296 0.000344327 0 0 0.124781 0.123306 
193400 0.00145882 0.122919 0.000343152 0 0 0.124737 0.123264 
193600 0.00145584 0.122879 0.000342027 0 0 0.124693 0.123224 
193800 0.00145298 0.122841 0.000340952 0 0 0.124649 0.123185 
194000 0.00145012 0.122803 0.000339877 0 0 0.124606 0.123146 
194200 0.00144726 0.122764 0.000338802 0 0 0.124562 0.123107 
194400 0.0014444 0.122726 0.000337728 0 0 0.124519 0.123068 
194600 0.00144154 0.122688 0.000336653 0 0 0.124476 0.123029 
194800 0.00143868 0.12265 0.000335578 0 0 0.124432 0.12299 
195000 0.00143581 0.122612 0.000334503 0 0 0.124389 0.122951 
195200 0.00143295 0.122573 0.000333428 0 0 0.124345 0.122912 
195400 0.00143009 0.122535 0.000332353 0 0 0.124302 0.122873 
195600 0.00142723 0.122497 0.000331278 0 0 0.124258 0.122834 
195800 0.00142437 0.122459 0.000330203 0 0 0.124215 0.122795 
196000 0.00142151 0.122421 0.000329128 0 0 0.124171 0.122757 
196200 0.00141865 0.122382 0.000328053 0 0 0.124128 0.122718 
196400 0.00141578 0.122344 0.000326979 0 0 0.124085 0.122679 
196600 0.00141292 0.122306 0.000325904 0 0 0.124041 0.12264 
196800 0.00141006 0.122268 0.000324829 0 0 0.123998 0.122601 
197000 0.0014072 0.122229 0.000323754 0 0 0.123954 0.122562 
197200 0.00140434 0.122191 0.000322679 0 0 0.123911 0.122523 
197400 0.00140152 0.122153 0.000321635 0 0 0.123868 0.122484 
197600 0.00139874 0.122115 0.000320621 0 0 0.123826 0.122445 
197800 0.00139596 0.122076 0.000319608 0 0 0.123785 0.122407 
198000 0.00139317 0.122038 0.000318594 0 0 0.123743 0.122368 
198200 0.00139039 0.122 0.00031758 0 0 0.123701 0.12233 
198400 0.00138761 0.121961 0.000316567 0 0 0.123659 0.122291 
198600 0.00138483 0.121923 0.000315553 0 0 0.123617 0.122252 
198800 0.00138205 0.121885 0.00031454 0 0 0.123575 0.122214 
199000 0.00137927 0.121846 0.000313526 0 0 0.123534 0.122175 
199200 0.00137649 0.121808 0.000312513 0 0 0.123492 0.122137 
199400 0.00137371 0.12177 0.000311499 0 0 0.12345 0.122098 
199600 0.00137093 0.121731 0.000310485 0 0 0.123408 0.122059 
199800 0.00136815 0.121693 0.000309472 0 0 0.123366 0.122021 
200000 0.00136536 0.121655 0.000308458 0 0 0.123325 0.121982 
