1000 1.90106 0.011561 2786 0 0 2787.18 2786 
1200 1.8334 0.0153898 1715.84 0 0 1717.67 1715.84 
1400 1.76825 0.0194213 1134.06 0 0 1135.89 1134.06 
1600 1.70098 0.0234266 2591 0 0 2592.89 2591 
1800 1.63349 0.0273744 1967.25 0 0 1969.14 1967.25 
2000 1.56753 0.0312562 1523.18 0 0 1524.89 1523.18 
2200 1.50402 0.0350272 1195.97 0 0 1197.44 1195.97 
2400 1.44309 0.038675 951.42 0 0 952.896 951.455 
2600 1.38516 0.0422191 766.938 0 0 768.374 767.033 
2800 1.33001 0.0456642 626.346 0 0 627.687 626.364 
3000 1.27771 0.0489987 517.965 0 0 519.288 517.983 
3200 1.2281 0.0522265 433.684 0 0 434.967 433.701 
3400 1.18118 0.0553544 366.971 0 0 368.219 367.006 
3600 1.1366 0.0583971 313.274 0 0 314.421 313.309 
3800 1.09456 0.0613069 269.57 0 0 270.704 269.606 
4000 1.05433 0.0641661 233.512 0 0 234.628 233.547 
4200 1.01635 0.0669224 203.699 0 0 204.798 203.735 
4400 0.980068 0.0695928 178.539 0 0 179.62 178.622 
4600 0.945421 0.0721772 157.353 0 0 158.31 157.4 
4800 0.912699 0.0746709 139.345 0 0 140.319 139.416 
5000 0.881338 0.0770831 123.95 0 0 124.912 124.021 
5200 0.851529 0.0794067 110.792 0 0 111.722 110.867 
5400 0.82286 0.0816651 99.355 0 0 100.26 99.442 
5600 0.795609 0.0838151 89.4543 0 0 90.3333 89.5358 
5800 0.769556 0.0859218 80.822 0 0 81.68 80.9137 
6000 0.744489 0.0879508 73.2246 0 0 74.0615 73.3078 
6200 0.720642 0.0898988 66.5999 0 0 67.4132 66.6919 
6400 0.697629 0.0917924 60.6836 0 0 61.4682 60.7782 
6600 0.675586 0.0936097 55.4859 0 0 56.2569 55.5764 
6800 0.654417 0.0953752 50.8214 0 0 51.5679 50.9082 
7000 0.63421 0.0970815 46.6896 0 0 47.4189 46.7842 
7200 0.614961 0.0987284 42.9584 0 0 43.67 43.0474 
7400 0.59624 0.100321 39.6387 0 0 40.3392 39.7391 
7600 0.578389 0.101875 36.6224 0 0 37.3022 36.7243 
7800 0.561394 0.103341 33.923 0 0 34.5926 34.0252 
8000 0.544862 0.104796 31.4576 0 0 32.1126 31.5597 
8200 0.529155 0.10618 29.2546 0 0 29.8845 29.3585 
8400 0.513912 0.107547 27.2186 0 0 27.8411 27.3225 
8600 0.499467 0.108847 25.3786 0 0 25.985 25.4825 
8800 0.485464 0.110115 23.6995 0 0 24.2977 23.8042 
9000 0.47209 0.111341 22.1589 0 0 22.7469 22.2722 
9200 0.459212 0.112521 20.7481 0 0 21.324 20.8662 
9400 0.446848 0.113668 19.4497 0 0 20.018 19.5687 
9600 0.434953 0.114795 18.2559 0 0 18.8114 18.3752 
9800 0.423445 0.11588 17.1577 0 0 17.697 17.277 
10000 0.412508 0.116927 16.1461 0 0 16.6711 16.2654 
10200 0.402237 0.117931 15.2359 0 0 15.7574 15.3434 
10400 0.391566 0.118964 14.3311 0 0 14.8371 14.4504 
10600 0.382144 0.119892 13.5526 0 0 14.0546 13.6725 
10800 0.372789 0.120803 12.8197 0 0 13.3133 12.9412 
11000 0.363729 0.121715 12.1257 0 0 12.6103 12.2469 
11200 0.35483 0.122616 11.4678 0 0 11.9449 11.5914 
11400 0.346438 0.123467 10.8694 0 0 11.3391 10.993 
11600 0.338514 0.124287 10.3232 0 0 10.7859 10.4481 
11800 0.330608 0.125101 9.79607 0 0 10.2517 9.92119 
12000 0.32304 0.125885 9.30664 0 0 9.75574 9.43251 
12200 0.315835 0.126644 8.8542 0 0 9.29725 8.98144 
12400 0.308625 0.127403 8.41647 0 0 8.85277 8.54328 
12600 0.302029 0.128103 8.02854 0 0 8.45856 8.15659 
12800 0.295314 0.128815 7.64561 0 0 8.06999 7.77492 
13000 0.288946 0.129512 7.28898 0 0 7.70795 7.41878 
13200 0.282852 0.13018 6.95773 0 0 7.37146 7.08814 
13400 0.27694 0.130818 6.64678 0 0 7.05526 6.7781 
13600 0.271229 0.131445 6.35151 0 0 6.75409 6.4822 
13800 0.265795 0.132056 6.07829 0 0 6.47589 6.20985 
14000 0.260429 0.132653 5.81678 0 0 6.20963 5.94953 
14200 0.255142 0.133236 5.56656 0 0 5.95475 5.70042 
14400 0.250194 0.133802 5.33613 0 0 5.71981 5.47011 
14600 0.245327 0.134354 5.115 0 0 5.4947 5.24984 
14800 0.240559 0.134895 4.90323 0 0 5.27887 5.03882 
15000 0.235921 0.13542 4.70307 0 0 5.07416 4.8388 
15200 0.231502 0.135919 4.51779 0 0 4.88562 4.65373 
15400 0.227127 0.136421 4.33812 0 0 4.70218 4.47466 
15600 0.222942 0.136913 4.16762 0 0 4.52747 4.30519 
15800 0.218979 0.137376 4.01173 0 0 4.36771 4.14884 
16000 0.215067 0.137832 3.85999 0 0 4.21233 3.99713 
16200 0.211214 0.138282 3.71332 0 0 4.06235 3.85134 
16400 0.207456 0.138735 3.57355 0 0 3.91936 3.71254 
16600 0.203785 0.139171 3.43984 0 0 3.78254 3.57956 
16800 0.200281 0.139569 3.31742 0 0 3.65722 3.45724 
17000 0.19689 0.139973 3.19942 0 0 3.53632 3.33942 
17200 0.193561 0.140381 3.0838 0 0 3.4178 3.22401 
17400 0.190254 0.140764 2.97509 0 0 3.30608 3.11552 
17600 0.187043 0.141143 2.87052 0 0 3.19861 3.01136 
17800 0.184012 0.141514 2.77366 0 0 3.09901 2.91528 
18000 0.181075 0.141873 2.68018 0 0 3.0032 2.82223 
18200 0.178199 0.142224 2.58895 0 0 2.90991 2.7312 
18400 0.175332 0.142572 2.50251 0 0 2.82084 2.64488 
18600 0.172487 0.142917 2.41777 0 0 2.73346 2.56031 
18800 0.169825 0.143236 2.34067 0 0 2.6545 2.48404 
19000 0.167183 0.143554 2.26488 0 0 2.57652 2.4089 
19200 0.164607 0.143867 2.19301 0 0 2.50143 2.33713 
19400 0.162059 0.144176 2.12269 0 0 2.42843 2.2669 
19600 0.159553 0.144479 2.05469 0 0 2.35858 2.199 
19800 0.157146 0.144773 1.99037 0 0 2.29227 2.13478 
20000 0.154822 0.145059 1.92906 0 0 2.22886 2.07358 
20200 0.152559 0.14534 1.87089 0 0 2.1691 2.01683 
20400 0.150293 0.145622 1.81361 0 0 2.10946 1.95964 
20600 0.148107 0.145885 1.75953 0 0 2.05338 1.90565 
20800 0.145963 0.146139 1.70717 0 0 1.99922 1.85338 
21000 0.14389 0.146389 1.65742 0 0 1.94738 1.80372 
21200 0.141856 0.146637 1.60908 0 0 1.89679 1.75546 
21400 0.13988 0.146878 1.56303 0 0 1.84891 1.70949 
21600 0.137942 0.147114 1.5185 0 0 1.80284 1.66506 
21800 0.136029 0.14735 1.47532 0 0 1.75806 1.62196 
22000 0.134142 0.147587 1.43347 0 0 1.71458 1.58019 
22200 0.132289 0.147815 1.39282 0 0 1.67255 1.53986 
22400 0.130487 0.148032 1.35398 0 0 1.63269 1.50167 
22600 0.128709 0.148245 1.31598 0 0 1.59342 1.46423 
22800 0.127001 0.148443 1.28051 0 0 1.55595 1.429 
23000 0.125297 0.148642 1.24519 0 0 1.51865 1.39392 
23200 0.123667 0.148844 1.21251 0 0 1.48479 1.36142 
23400 0.122037 0.149046 1.17984 0 0 1.45092 1.32892 
23600 0.120468 0.149235 1.14923 0 0 1.41894 1.29851 
23800 0.118915 0.14942 1.11914 0 0 1.38743 1.26862 
24000 0.1174 0.149603 1.09023 0 0 1.35718 1.23989 
24200 0.115925 0.149784 1.06251 0 0 1.32817 1.21232 
24400 0.11446 0.149961 1.03511 0 0 1.29949 1.18507 
24600 0.113052 0.150121 1.00949 0 0 1.27262 1.15964 
24800 0.111644 0.150281 0.983863 0 0 1.24574 1.13422 
25000 0.110261 0.150445 0.959419 0 0 1.22005 1.10987 
25200 0.108885 0.15061 0.935368 0 0 1.19475 1.08588 
25400 0.107542 0.150767 0.912106 0 0 1.1703 1.06273 
25600 0.106259 0.150908 0.89031 0 0 1.14743 1.04116 
25800 0.104976 0.15105 0.868513 0 0 1.12456 1.01959 
26000 0.103723 0.151192 0.847809 0 0 1.10278 0.999026 
26200 0.102476 0.151334 0.827298 0 0 1.08119 0.978638 
26400 0.101254 0.151472 0.807474 0 0 1.06028 0.958929 
26600 0.10008 0.151604 0.788928 0 0 1.04065 0.940483 
26800 0.0989052 0.151735 0.770383 0 0 1.02103 0.922037 
27000 0.097758 0.151862 0.752646 0 0 1.00229 0.90446 
27200 0.09662 0.151987 0.73518 0 0 0.98384 0.887173 
27400 0.0954925 0.152111 0.717958 0 0 0.965631 0.870115 
27600 0.0944249 0.152227 0.702127 0 0 0.948765 0.854354 
27800 0.0933574 0.152342 0.686296 0 0 0.931899 0.838593 
28000 0.0923057 0.152455 0.670881 0 0 0.915497 0.823274 
28200 0.0912732 0.152565 0.655975 0 0 0.899659 0.808495 
28400 0.0902406 0.152674 0.64107 0 0 0.883821 0.793716 
28600 0.0892484 0.152782 0.627201 0 0 0.86912 0.779939 
28800 0.0882697 0.15289 0.613677 0 0 0.854797 0.766496 
29000 0.0872909 0.152997 0.600154 0 0 0.840474 0.753052 
29200 0.0863561 0.153087 0.587559 0 0 0.827079 0.740615 
29400 0.0854235 0.153177 0.575013 0 0 0.813733 0.72823 
29600 0.0844933 0.153266 0.562539 0 0 0.80045 0.715905 
29800 0.0835849 0.153356 0.550715 0 0 0.787737 0.704115 
30000 0.0826764 0.153446 0.538891 0 0 0.775025 0.692325 
30200 0.0817796 0.153531 0.527496 0 0 0.762882 0.681083 
30400 0.0809327 0.153613 0.516787 0 0 0.751378 0.670444 
30600 0.0800858 0.153695 0.506077 0 0 0.739873 0.659805 
30800 0.0792466 0.153774 0.495615 0 0 0.728636 0.64941 
31000 0.0784257 0.153845 0.48573 0 0 0.71802 0.639588 
31200 0.0776047 0.153916 0.475845 0 0 0.707405 0.629766 
31400 0.0768008 0.153986 0.466218 0 0 0.697053 0.620204 
31600 0.0760368 0.154055 0.457195 0 0 0.687317 0.611247 
31800 0.0752728 0.154123 0.448171 0 0 0.677581 0.60229 
32000 0.0745122 0.154191 0.439255 0 0 0.667955 0.593439 
32200 0.0737653 0.154256 0.43077 0 0 0.658768 0.585008 
32400 0.0730185 0.154321 0.422283 0 0 0.649581 0.576577 
32600 0.072276 0.154385 0.413872 0 0 0.640474 0.568221 
32800 0.0715728 0.154442 0.406135 0 0 0.632095 0.560537 
33000 0.0708695 0.154499 0.398398 0 0 0.623715 0.552854 
33200 0.0701663 0.154556 0.390661 0 0 0.615336 0.54517 
33400 0.0694908 0.154609 0.383416 0 0 0.607491 0.538011 
33600 0.0688184 0.154662 0.376227 0 0 0.599705 0.530911 
33800 0.068146 0.154715 0.369038 0 0 0.59192 0.523811 
34000 0.0674907 0.154764 0.362217 0 0 0.584493 0.517028 
34200 0.0668446 0.15481 0.355595 0 0 0.577258 0.510417 
34400 0.0661985 0.154857 0.348973 0 0 0.570024 0.503805 
34600 0.0655645 0.154901 0.342548 0 0 0.562992 0.497404 
34800 0.064953 0.154943 0.336491 0 0 0.556335 0.491391 
35000 0.0643415 0.154985 0.330433 0 0 0.549678 0.485379 
35200 0.06373 0.155027 0.324376 0 0 0.543022 0.479367 
35400 0.0631367 0.15506 0.318632 0 0 0.536754 0.473663 
35600 0.0625444 0.155093 0.312905 0 0 0.530508 0.467976 
35800 0.061952 0.155126 0.307177 0 0 0.524261 0.462288 
36000 0.061383 0.155156 0.301775 0 0 0.518333 0.456925 
36200 0.0608331 0.155185 0.296639 0 0 0.512666 0.451827 
36400 0.0602833 0.155213 0.291503 0 0 0.507 0.44673 
36600 0.0597334 0.155241 0.286367 0 0 0.501333 0.441632 
36800 0.0591975 0.15527 0.281542 0 0 0.495982 0.436807 
37000 0.0586616 0.155298 0.276717 0 0 0.490632 0.431982 
37200 0.0581257 0.155326 0.271892 0 0 0.485281 0.427157 
37400 0.0576028 0.155352 0.267247 0 0 0.480133 0.422528 
37600 0.0570956 0.155374 0.262819 0 0 0.475231 0.418138 
37800 0.0565885 0.155397 0.258392 0 0 0.47033 0.413748 
38000 0.0560814 0.15542 0.253965 0 0 0.465428 0.409358 
38200 0.0555964 0.155433 0.249842 0 0 0.460842 0.405264 
38400 0.055117 0.155444 0.245796 0 0 0.456334 0.401245 
38600 0.0546375 0.155455 0.24175 0 0 0.451826 0.397225 
38800 0.0541589 0.155466 0.237715 0 0 0.447331 0.393217 
39000 0.0536963 0.155482 0.233891 0 0 0.443077 0.389425 
39200 0.0532338 0.155498 0.230066 0 0 0.438823 0.385632 
39400 0.0527712 0.155514 0.226242 0 0 0.434569 0.381839 
39600 0.0523152 0.155527 0.222521 0 0 0.430413 0.378138 
39800 0.0518745 0.155535 0.219042 0 0 0.426487 0.374651 
40000 0.0514339 0.155542 0.215562 0 0 0.42256 0.371164 
40200 0.051009 0.155546 0.212196 0 0 0.418766 0.367797 
40400 0.0505864 0.15555 0.208892 0 0 0.415046 0.36449 
40600 0.0501673 0.155555 0.205683 0 0 0.411438 0.361272 
40800 0.0497481 0.155559 0.202475 0 0 0.407829 0.358055 
41000 0.049329 0.155564 0.199266 0 0 0.404221 0.354837 
41200 0.0489196 0.155567 0.196169 0 0 0.400725 0.351744 
41400 0.0485219 0.15557 0.193208 0 0 0.397366 0.348804 
41600 0.0481243 0.155573 0.190248 0 0 0.394007 0.345864 
41800 0.0477266 0.155576 0.187287 0 0 0.390648 0.342924 
42000 0.0473373 0.155577 0.184434 0 0 0.387402 0.340076 
42200 0.0469582 0.155574 0.181711 0 0 0.384295 0.337341 
42400 0.046579 0.155571 0.178988 0 0 0.381187 0.334605 
42600 0.0461998 0.155568 0.176266 0 0 0.37808 0.33187 
42800 0.0458266 0.155564 0.173612 0 0 0.375044 0.329204 
43000 0.0454644 0.155556 0.171085 0 0 0.372143 0.32667 
43200 0.0451022 0.155549 0.168559 0 0 0.369241 0.324135 
43400 0.04474 0.155542 0.166033 0 0 0.366339 0.3216 
43600 0.0443821 0.155535 0.163551 0 0 0.363484 0.319109 
43800 0.0440413 0.155525 0.161248 0 0 0.360818 0.316793 
44000 0.0437005 0.155515 0.158945 0 0 0.358152 0.314478 
44200 0.0433597 0.155506 0.156641 0 0 0.355486 0.312162 
44400 0.043019 0.155496 0.154338 0 0 0.35282 0.309846 
44600 0.0426882 0.15548 0.152176 0 0 0.350321 0.307668 
44800 0.0423585 0.155464 0.150031 0 0 0.34784 0.305506 
45000 0.0420289 0.155447 0.147885 0 0 0.345359 0.303345 
45200 0.0416992 0.155431 0.14574 0 0 0.342879 0.301183 
45400 0.0413813 0.155415 0.1437 0 0 0.340508 0.299122 
45600 0.0410713 0.155399 0.14173 0 0 0.33821 0.297128 
45800 0.0407613 0.155383 0.139761 0 0 0.335913 0.295135 
46000 0.0404512 0.155367 0.137791 0 0 0.333615 0.293141 
46200 0.0401433 0.155351 0.135843 0 0 0.33134 0.291169 
46400 0.0398477 0.155335 0.134017 0 0 0.329193 0.289318 
46600 0.0395522 0.15532 0.132192 0 0 0.327046 0.287468 
46800 0.0392566 0.155304 0.130367 0 0 0.324899 0.285617 
47000 0.038961 0.155288 0.128541 0 0 0.322751 0.283766 
47200 0.0386745 0.155267 0.126812 0 0 0.320711 0.282019 
47400 0.0383928 0.155242 0.125135 0 0 0.318729 0.280326 
47600 0.038111 0.155218 0.123458 0 0 0.316746 0.278634 
47800 0.0378293 0.155194 0.121781 0 0 0.314764 0.276942 
48000 0.0375485 0.155169 0.12011 0 0 0.312789 0.275256 
48200 0.0372833 0.155145 0.118568 0 0 0.310969 0.273686 
48400 0.0370182 0.155121 0.117026 0 0 0.309148 0.272116 
48600 0.036753 0.155098 0.115484 0 0 0.307327 0.270547 
48800 0.0364878 0.155074 0.113942 0 0 0.305506 0.268977 
49000 0.0362263 0.155049 0.112442 0 0 0.303728 0.26745 
49200 0.0359713 0.155023 0.111022 0 0 0.30203 0.266002 
49400 0.0357163 0.154997 0.109601 0 0 0.300332 0.264554 
49600 0.0354614 0.154972 0.10818 0 0 0.298634 0.263105 
49800 0.0352064 0.154946 0.10676 0 0 0.296936 0.261657 
50000 0.0349565 0.154916 0.105352 0 0 0.295185 0.260291 
50200 0.0347144 0.154888 0.104039 0 0 0.293614 0.258931 
50400 0.0344724 0.154859 0.102725 0 0 0.292042 0.257571 
50600 0.0342304 0.15483 0.101411 0 0 0.290471 0.256211 
50800 0.0339884 0.154801 0.100098 0 0 0.2889 0.254851 
51000 0.0337559 0.154771 0.0988596 0 0 0.287404 0.253582 
51200 0.0335276 0.15474 0.0976538 0 0 0.28594 0.252351 
51400 0.0332992 0.154709 0.096448 0 0 0.284477 0.25112 
51600 0.0330709 0.154679 0.0952421 0 0 0.283013 0.249889 
51800 0.0328426 0.154648 0.0940363 0 0 0.28155 0.248658 
52000 0.0326206 0.154613 0.0928899 0 0 0.280139 0.247476 
52200 0.0324013 0.154577 0.091769 0 0 0.27875 0.246315 
52400 0.032182 0.154541 0.0906481 0 0 0.277362 0.245153 
52600 0.0319627 0.154505 0.0895272 0 0 0.275974 0.243992 
52800 0.0317434 0.154468 0.0884063 0 0 0.274586 0.242831 
53000 0.0315327 0.154435 0.0873482 0 0 0.273287 0.241742 
53200 0.0313267 0.154403 0.0863241 0 0 0.272036 0.240692 
53400 0.0311206 0.154371 0.0852999 0 0 0.270786 0.239643 
53600 0.0309146 0.15434 0.0842757 0 0 0.269535 0.238594 
53800 0.0307086 0.154308 0.0832516 0 0 0.268285 0.237544 
54000 0.0305062 0.154272 0.0822598 0 0 0.267064 0.236521 
54200 0.0303083 0.154232 0.0813078 0 0 0.265881 0.23553 
54400 0.0301104 0.154191 0.0803559 0 0 0.264697 0.234538 
54600 0.0299125 0.154151 0.0794039 0 0 0.263514 0.233547 
54800 0.0297146 0.15411 0.0784519 0 0 0.26233 0.232556 
55000 0.0295187 0.15407 0.0775143 0 0 0.261162 0.23158 
55200 0.0293306 0.154034 0.0766345 0 0 0.260055 0.230661 
55400 0.0291425 0.153998 0.0757546 0 0 0.258947 0.229743 
55600 0.0289543 0.153961 0.0748747 0 0 0.25784 0.228824 
55800 0.0287662 0.153925 0.0739949 0 0 0.256733 0.227906 
56000 0.0285781 0.153888 0.073115 0 0 0.255625 0.226987 
56200 0.0283999 0.153848 0.0723004 0 0 0.254589 0.226129 
56400 0.0282235 0.153807 0.0714974 0 0 0.253564 0.225282 
56600 0.028047 0.153766 0.0706943 0 0 0.25254 0.224434 
56800 0.0278706 0.153726 0.0698913 0 0 0.251515 0.223587 
57000 0.0276942 0.153685 0.0690882 0 0 0.250491 0.22274 
57200 0.0275207 0.153644 0.0683065 0 0 0.249488 0.221916 
57400 0.0273529 0.153601 0.0675642 0 0 0.248528 0.221136 
57600 0.0271851 0.153559 0.0668219 0 0 0.247567 0.220355 
57800 0.0270173 0.153517 0.0660796 0 0 0.246606 0.219575 
58000 0.0268495 0.153475 0.0653373 0 0 0.245645 0.218794 
58200 0.0266817 0.153433 0.064595 0 0 0.244684 0.218014 
58400 0.0265189 0.153391 0.0638953 0 0 0.243774 0.217277 
58600 0.0263576 0.15335 0.0632099 0 0 0.242881 0.216555 
58800 0.0261964 0.153308 0.0625244 0 0 0.241988 0.215832 
59000 0.0260352 0.153267 0.061839 0 0 0.241095 0.21511 
59200 0.0258739 0.153225 0.0611536 0 0 0.240201 0.214388 
59400 0.0257131 0.153183 0.06047 0 0 0.239312 0.213667 
59600 0.0255593 0.153135 0.0598229 0 0 0.238491 0.212964 
59800 0.0254056 0.153087 0.0591757 0 0 0.23767 0.212261 
60000 0.0252518 0.153038 0.0585285 0 0 0.236849 0.211558 
60200 0.0251006 0.152995 0.0579151 0 0 0.236007 0.21089 
60400 0.0249494 0.152952 0.0573017 0 0 0.235165 0.210222 
60600 0.0247998 0.152908 0.0566954 0 0 0.234341 0.209564 
60800 0.0246551 0.152861 0.0561104 0 0 0.23357 0.208935 
61000 0.0245103 0.152814 0.0555254 0 0 0.232799 0.208306 
61200 0.0243655 0.152767 0.0549403 0 0 0.232028 0.207678 
61400 0.0242208 0.15272 0.0543553 0 0 0.231257 0.207049 
61600 0.024076 0.152673 0.0537703 0 0 0.230487 0.20642 
61800 0.0239344 0.152625 0.0532029 0 0 0.229738 0.205806 
62000 0.0237986 0.152577 0.0526683 0 0 0.229031 0.205218 
62200 0.0236628 0.152528 0.0521337 0 0 0.228325 0.204631 
62400 0.023527 0.152479 0.0515991 0 0 0.227618 0.204043 
62600 0.0233912 0.15243 0.0510645 0 0 0.226911 0.203455 
62800 0.0232554 0.152381 0.0505299 0 0 0.226204 0.202868 
63000 0.0231213 0.152333 0.0500073 0 0 0.225507 0.202294 
63200 0.0229911 0.152286 0.0495126 0 0 0.224834 0.201755 
63400 0.0228609 0.152239 0.0490179 0 0 0.224161 0.201215 
63600 0.0227306 0.152192 0.0485233 0 0 0.223488 0.200675 
63800 0.0226004 0.152145 0.0480286 0 0 0.222814 0.200135 
64000 0.0224702 0.152098 0.0475339 0 0 0.222141 0.199596 
64200 0.022341 0.15205 0.0470447 0 0 0.221473 0.199061 
64400 0.0222174 0.152001 0.0465871 0 0 0.220835 0.198559 
64600 0.0220939 0.151952 0.0461294 0 0 0.220198 0.198056 
64800 0.0219704 0.151903 0.0456717 0 0 0.21956 0.197553 
65000 0.0218469 0.151854 0.0452141 0 0 0.218922 0.197051 
65200 0.0217234 0.151805 0.0447564 0 0 0.218284 0.196548 
65400 0.0215999 0.151756 0.0442987 0 0 0.217646 0.196045 
65600 0.0214819 0.151703 0.0438756 0 0 0.21706 0.19557 
65800 0.0213645 0.151651 0.0434562 0 0 0.216479 0.195099 
66000 0.0212471 0.151598 0.0430369 0 0 0.215899 0.194627 
66200 0.0211297 0.151545 0.0426175 0 0 0.215318 0.194156 
66400 0.0210123 0.151493 0.0421982 0 0 0.214738 0.193684 
66600 0.0208949 0.15144 0.0417788 0 0 0.214157 0.193212 
66800 0.0207814 0.151389 0.0413769 0 0 0.213594 0.192758 
67000 0.0206716 0.151338 0.0409923 0 0 0.213048 0.192322 
67200 0.0205619 0.151288 0.0406077 0 0 0.212501 0.191886 
67400 0.0204522 0.151237 0.0402231 0 0 0.211955 0.191449 
67600 0.0203424 0.151187 0.0398385 0 0 0.211408 0.191013 
67800 0.0202327 0.151136 0.0394539 0 0 0.210862 0.190576 
68000 0.0201229 0.151086 0.0390693 0 0 0.210315 0.19014 
68200 0.0200172 0.151033 0.0387102 0 0 0.209796 0.189731 
68400 0.0199117 0.150981 0.0383523 0 0 0.209278 0.189323 
68600 0.0198062 0.150929 0.0379945 0 0 0.20876 0.188915 
68800 0.0197007 0.150876 0.0376366 0 0 0.208243 0.188508 
69000 0.0195952 0.150824 0.0372788 0 0 0.207725 0.1881 
69200 0.0194896 0.150771 0.0369209 0 0 0.207207 0.187692 
69400 0.0193854 0.150719 0.0365719 0 0 0.206698 0.187292 
69600 0.0192843 0.150665 0.0362432 0 0 0.206208 0.186908 
69800 0.0191831 0.150612 0.0359146 0 0 0.205718 0.186523 
70000 0.019082 0.150559 0.0355859 0 0 0.205228 0.186139 
70200 0.0189808 0.150505 0.0352573 0 0 0.204738 0.185755 
70400 0.0188797 0.150452 0.0349286 0 0 0.204248 0.185371 
70600 0.0187785 0.150398 0.0345999 0 0 0.203758 0.184987 
70800 0.018681 0.150344 0.0342853 0 0 0.203289 0.184618 
71000 0.0185865 0.15029 0.033982 0 0 0.202839 0.184261 
71200 0.018492 0.150235 0.0336787 0 0 0.202389 0.183904 
71400 0.0183975 0.15018 0.0333754 0 0 0.201939 0.183547 
71600 0.018303 0.150125 0.0330721 0 0 0.201488 0.18319 
71800 0.0182085 0.15007 0.0327689 0 0 0.201038 0.182833 
72000 0.018114 0.150016 0.0324656 0 0 0.200588 0.182476 
72200 0.0180224 0.149961 0.032178 0 0 0.200156 0.182135 
72400 0.0179324 0.149905 0.0318987 0 0 0.199735 0.181802 
72600 0.0178423 0.14985 0.0316195 0 0 0.199314 0.18147 
72800 0.0177522 0.149795 0.0313403 0 0 0.198892 0.181137 
73000 0.0176622 0.149739 0.031061 0 0 0.198471 0.180805 
73200 0.0175721 0.149684 0.0307818 0 0 0.198049 0.180472 
73400 0.0174821 0.149629 0.0305026 0 0 0.197628 0.180139 
73600 0.0173947 0.149574 0.0302372 0 0 0.197221 0.179819 
73800 0.0173091 0.14952 0.029981 0 0 0.196823 0.179508 
74000 0.0172236 0.149466 0.0297248 0 0 0.196425 0.179196 
74200 0.017138 0.149412 0.0294686 0 0 0.196027 0.178884 
74400 0.0170525 0.149358 0.0292124 0 0 0.195629 0.178572 
74600 0.0169669 0.149303 0.0289562 0 0 0.195232 0.178261 
74800 0.0168813 0.149249 0.0287001 0 0 0.194834 0.177949 
75000 0.016798 0.149195 0.0284512 0 0 0.194446 0.177645 
75200 0.016718 0.14914 0.0282134 0 0 0.194073 0.177352 
75400 0.016638 0.149085 0.0279756 0 0 0.1937 0.177059 
75600 0.0165579 0.14903 0.0277379 0 0 0.193327 0.176766 
75800 0.0164779 0.148975 0.0275001 0 0 0.192954 0.176473 
76000 0.0163979 0.14892 0.0272623 0 0 0.192581 0.17618 
76200 0.0163179 0.148865 0.0270245 0 0 0.192208 0.175887 
76400 0.0162383 0.14881 0.0267888 0 0 0.191837 0.175597 
76600 0.016162 0.148756 0.0265718 0 0 0.191489 0.175323 
76800 0.0160858 0.148703 0.0263549 0 0 0.191141 0.17505 
77000 0.0160096 0.148649 0.0261379 0 0 0.190793 0.174777 
77200 0.0159333 0.148596 0.0259209 0 0 0.190445 0.174504 
77400 0.0158571 0.148542 0.025704 0 0 0.190097 0.17423 
77600 0.0157809 0.148489 0.025487 0 0 0.189749 0.173957 
77800 0.0157046 0.148435 0.0252701 0 0 0.189401 0.173684 
78000 0.0156304 0.14838 0.0250625 0 0 0.189063 0.173421 
78200 0.0155575 0.148323 0.0248611 0 0 0.188732 0.173164 
78400 0.0154846 0.148266 0.0246598 0 0 0.188401 0.172908 
78600 0.0154117 0.148209 0.0244584 0 0 0.18807 0.172651 
78800 0.0153388 0.148153 0.024257 0 0 0.187739 0.172395 
79000 0.0152659 0.148096 0.0240557 0 0 0.187408 0.172138 
79200 0.015193 0.148039 0.0238543 0 0 0.187077 0.171882 
79400 0.0151201 0.147982 0.023653 0 0 0.186745 0.171625 
79600 0.0150508 0.147925 0.0234622 0 0 0.186429 0.171383 
79800 0.0149815 0.147868 0.0232714 0 0 0.186112 0.171141 
80000 0.0149122 0.147811 0.0230806 0 0 0.185795 0.170899 
80200 0.0148442 0.147754 0.0228969 0 0 0.185486 0.170659 
80400 0.0147762 0.147697 0.0227131 0 0 0.185178 0.170419 
80600 0.0147082 0.14764 0.0225293 0 0 0.184869 0.170179 
80800 0.0146402 0.147582 0.0223455 0 0 0.184561 0.169939 
81000 0.0145729 0.147526 0.0221652 0 0 0.184257 0.169703 
81200 0.0145081 0.147472 0.0219951 0 0 0.183968 0.169478 
81400 0.0144432 0.147417 0.0218251 0 0 0.183678 0.169252 
81600 0.0143784 0.147363 0.021655 0 0 0.183388 0.169027 
81800 0.0143135 0.147309 0.021485 0 0 0.183098 0.168802 
82000 0.0142487 0.147255 0.0213149 0 0 0.182809 0.168577 
82200 0.0141838 0.1472 0.0211448 0 0 0.182519 0.168352 
82400 0.0141189 0.147146 0.0209748 0 0 0.182229 0.168127 
82600 0.014055 0.147091 0.0208088 0 0 0.181944 0.167905 
82800 0.013993 0.147032 0.0206525 0 0 0.181669 0.167689 
83000 0.0139311 0.146973 0.0204961 0 0 0.181394 0.167473 
83200 0.0138692 0.146915 0.0203398 0 0 0.181118 0.167257 
83400 0.0138073 0.146856 0.0201834 0 0 0.180843 0.167042 
83600 0.0137453 0.146797 0.0200271 0 0 0.180568 0.166826 
83800 0.0136834 0.146738 0.0198707 0 0 0.180293 0.16661 
84000 0.0136215 0.14668 0.0197144 0 0 0.180018 0.166395 
84200 0.0135604 0.146622 0.0195608 0 0 0.179747 0.166183 
84400 0.013502 0.146569 0.0194154 0 0 0.179489 0.165984 
84600 0.0134436 0.146515 0.0192701 0 0 0.179232 0.165785 
84800 0.0133852 0.146461 0.0191248 0 0 0.178974 0.165586 
85000 0.0133268 0.146408 0.0189795 0 0 0.178716 0.165387 
85200 0.0132683 0.146354 0.0188341 0 0 0.178458 0.165188 
85400 0.0132099 0.1463 0.0186888 0 0 0.178201 0.164989 
85600 0.0131515 0.146246 0.0185435 0 0 0.177943 0.16479 
85800 0.0130931 0.146193 0.0183981 0 0 0.177685 0.164591 
86000 0.0130375 0.146135 0.0182641 0 0 0.177439 0.164399 
86200 0.0129819 0.146077 0.01813 0 0 0.177193 0.164208 
86400 0.0129263 0.146019 0.017996 0 0 0.176947 0.164016 
86600 0.0128707 0.145961 0.017862 0 0 0.176701 0.163824 
86800 0.0128151 0.145903 0.0177279 0 0 0.176454 0.163632 
87000 0.0127595 0.145845 0.0175939 0 0 0.176208 0.163441 
87200 0.0127039 0.145787 0.0174598 0 0 0.175962 0.163249 
87400 0.0126483 0.145729 0.0173258 0 0 0.175716 0.163057 
87600 0.0125947 0.145673 0.0171991 0 0 0.175478 0.162874 
87800 0.0125422 0.145617 0.0170763 0 0 0.175245 0.162694 
88000 0.0124897 0.145562 0.0169536 0 0 0.175011 0.162514 
88200 0.0124372 0.145507 0.0168308 0 0 0.174778 0.162335 
88400 0.0123847 0.145452 0.0167081 0 0 0.174544 0.162155 
88600 0.0123322 0.145396 0.0165853 0 0 0.174311 0.161976 
88800 0.0122797 0.145341 0.0164626 0 0 0.174077 0.161796 
89000 0.0122272 0.145286 0.0163398 0 0 0.173844 0.161616 
89200 0.012175 0.14523 0.0162181 0 0 0.173612 0.161438 
89400 0.0121256 0.145173 0.0161057 0 0 0.173394 0.161269 
89600 0.0120761 0.145115 0.0159933 0 0 0.173176 0.1611 
89800 0.0120266 0.145058 0.0158809 0 0 0.172958 0.160932 
90000 0.0119771 0.145001 0.0157685 0 0 0.17274 0.160763 
90200 0.0119276 0.144943 0.0156562 0 0 0.172522 0.160594 
90400 0.0118782 0.144886 0.0155438 0 0 0.172304 0.160425 
90600 0.0118287 0.144829 0.0154314 0 0 0.172085 0.160257 
90800 0.0117792 0.144771 0.015319 0 0 0.171867 0.160088 
91000 0.0117306 0.144714 0.0152095 0 0 0.171653 0.159922 
91200 0.0116835 0.144659 0.0151053 0 0 0.171446 0.159762 
91400 0.0116365 0.144603 0.0150011 0 0 0.171239 0.159602 
91600 0.0115894 0.144547 0.0148969 0 0 0.171032 0.159442 
91800 0.0115424 0.144491 0.0147927 0 0 0.170825 0.159282 
92000 0.0114953 0.144436 0.0146885 0 0 0.170618 0.159122 
92200 0.0114483 0.14438 0.0145843 0 0 0.170411 0.158963 
92400 0.0114012 0.144324 0.0144801 0 0 0.170204 0.158803 
92600 0.0113542 0.144268 0.014376 0 0 0.169997 0.158643 
92800 0.0113082 0.144212 0.0142754 0 0 0.169794 0.158486 
93000 0.0112636 0.144155 0.0141792 0 0 0.169597 0.158334 
93200 0.0112189 0.144099 0.0140831 0 0 0.1694 0.158182 
93400 0.0111743 0.144042 0.013987 0 0 0.169203 0.15803 
93600 0.0111296 0.143985 0.0138908 0 0 0.169006 0.157878 
93800 0.011085 0.143928 0.0137947 0 0 0.168809 0.157726 
94000 0.0110404 0.143872 0.0136986 0 0 0.168612 0.157574 
94200 0.0109957 0.143815 0.0136024 0 0 0.168415 0.157422 
94400 0.0109511 0.143758 0.0135063 0 0 0.168218 0.15727 
94600 0.0109074 0.143702 0.0134132 0 0 0.168025 0.157121 
94800 0.010865 0.143646 0.0133248 0 0 0.167838 0.156977 
95000 0.0108227 0.143591 0.0132364 0 0 0.167652 0.156834 
95200 0.0107804 0.143535 0.013148 0 0 0.167465 0.15669 
95400 0.010738 0.14348 0.0130595 0 0 0.167279 0.156546 
95600 0.0106957 0.143424 0.0129711 0 0 0.167092 0.156403 
95800 0.0106534 0.143368 0.0128827 0 0 0.166906 0.156259 
96000 0.010611 0.143313 0.0127943 0 0 0.16672 0.156115 
96200 0.0105687 0.143257 0.0127058 0 0 0.166533 0.155972 
96400 0.0105267 0.143202 0.0126184 0 0 0.166348 0.155829 
96600 0.0104868 0.143146 0.0125368 0 0 0.16617 0.155691 
96800 0.0104469 0.14309 0.0124551 0 0 0.165992 0.155554 
97000 0.010407 0.143034 0.0123735 0 0 0.165815 0.155416 
97200 0.0103671 0.142978 0.0122919 0 0 0.165637 0.155279 
97400 0.0103272 0.142922 0.0122102 0 0 0.165459 0.155141 
97600 0.0102873 0.142866 0.0121286 0 0 0.165281 0.155003 
97800 0.0102474 0.14281 0.0120469 0 0 0.165103 0.154866 
98000 0.0102075 0.142754 0.0119653 0 0 0.164925 0.154728 
98200 0.0101676 0.142698 0.0118836 0 0 0.164748 0.154591 
98400 0.0101291 0.142643 0.0118067 0 0 0.164577 0.154458 
98600 0.0100909 0.142588 0.0117313 0 0 0.164408 0.154328 
98800 0.0100528 0.142532 0.011656 0 0 0.164239 0.154198 
99000 0.0100146 0.142477 0.0115806 0 0 0.16407 0.154068 
99200 0.0099765 0.142422 0.0115052 0 0 0.163902 0.153937 
99400 0.00993837 0.142366 0.0114299 0 0 0.163733 0.153807 
99600 0.00990023 0.142311 0.0113545 0 0 0.163564 0.153677 
99800 0.00986209 0.142255 0.0112791 0 0 0.163395 0.153546 
100000 0.00982395 0.1422 0.0112038 0 0 0.163227 0.153416 
100200 0.00979265 0.142159 0.0111425 0 0 0.163079 0.153298 
100400 0.00975559 0.1421 0.0110712 0 0 0.162915 0.153169 
100600 0.00971854 0.142042 0.0109999 0 0 0.162751 0.153041 
100800 0.00968149 0.141983 0.0109287 0 0 0.162587 0.152912 
101000 0.00964443 0.141925 0.0108574 0 0 0.162422 0.152783 
101200 0.00960738 0.141867 0.0107861 0 0 0.162258 0.152655 
101400 0.00957032 0.141808 0.0107148 0 0 0.162094 0.152526 
101600 0.00953327 0.14175 0.0106436 0 0 0.16193 0.152397 
101800 0.00949622 0.141691 0.0105723 0 0 0.161766 0.152269 
102000 0.00945916 0.141633 0.010501 0 0 0.161602 0.15214 
102200 0.00942371 0.141576 0.0104336 0 0 0.161443 0.152016 
102400 0.00938987 0.141522 0.01037 0 0 0.161291 0.151898 
102600 0.00935603 0.141468 0.0103063 0 0 0.161139 0.15178 
102800 0.00932218 0.141413 0.0102427 0 0 0.160986 0.151662 
103000 0.00928834 0.141359 0.0101791 0 0 0.160834 0.151544 
103200 0.00925449 0.141305 0.0101155 0 0 0.160682 0.151426 
103400 0.00922065 0.14125 0.0100519 0 0 0.160529 0.151308 
103600 0.00918681 0.141196 0.00998825 0 0 0.160377 0.15119 
103800 0.00915297 0.141142 0.00992463 0 0 0.160224 0.151071 
104000 0.00911912 0.141087 0.00986101 0 0 0.160072 0.150953 
104200 0.00908657 0.141033 0.0098008 0 0 0.159925 0.150839 
104400 0.00905529 0.140979 0.00974398 0 0 0.159783 0.150728 
104600 0.00902401 0.140925 0.00968716 0 0 0.159641 0.150617 
104800 0.00899274 0.140871 0.00963034 0 0 0.1595 0.150506 
105000 0.00896146 0.140817 0.00957353 0 0 0.159358 0.150396 
105200 0.00893019 0.140763 0.00951671 0 0 0.159216 0.150285 
105400 0.00889891 0.140709 0.00945989 0 0 0.159074 0.150174 
105600 0.00886764 0.140655 0.00940307 0 0 0.158933 0.150063 
105800 0.00883636 0.140601 0.00934625 0 0 0.158791 0.149952 
106000 0.00880509 0.140547 0.00928943 0 0 0.158649 0.149841 
106200 0.00877381 0.140493 0.00923262 0 0 0.158507 0.149731 
106400 0.00874227 0.140438 0.00917652 0 0 0.158364 0.149618 
106600 0.00871073 0.140382 0.00912043 0 0 0.15822 0.149506 
106800 0.00867919 0.140327 0.00906434 0 0 0.158077 0.149394 
107000 0.00864765 0.140271 0.00900824 0 0 0.157933 0.149282 
107200 0.00861611 0.140216 0.00895215 0 0 0.15779 0.14917 
107400 0.00858457 0.14016 0.00889606 0 0 0.157646 0.149057 
107600 0.00855303 0.140105 0.00883997 0 0 0.157503 0.148945 
107800 0.00852149 0.140049 0.00878388 0 0 0.157359 0.148833 
108000 0.00848996 0.139994 0.00872778 0 0 0.157216 0.148721 
108200 0.00845841 0.139938 0.00867169 0 0 0.157072 0.148608 
108400 0.0084306 0.139886 0.0086238 0 0 0.156945 0.14851 
108600 0.00840279 0.139835 0.00857591 0 0 0.156818 0.148411 
108800 0.00837498 0.139783 0.00852802 0 0 0.15669 0.148312 
109000 0.00834716 0.139732 0.00848013 0 0 0.156563 0.148213 
109200 0.00831935 0.13968 0.00843225 0 0 0.156436 0.148114 
109400 0.00829154 0.139629 0.00838436 0 0 0.156309 0.148016 
109600 0.00826372 0.139577 0.00833647 0 0 0.156181 0.147917 
109800 0.00823591 0.139526 0.00828858 0 0 0.156054 0.147818 
110000 0.0082081 0.139474 0.00824069 0 0 0.155927 0.147719 
110200 0.00818028 0.139423 0.0081928 0 0 0.1558 0.147621 
110400 0.00815247 0.139371 0.00814491 0 0 0.155672 0.147522 
110600 0.00812446 0.139316 0.00809784 0 0 0.155542 0.147419 
110800 0.00809644 0.139261 0.00805078 0 0 0.155413 0.147317 
111000 0.00806843 0.139206 0.00800371 0 0 0.155283 0.147215 
111200 0.00804042 0.139151 0.00795665 0 0 0.155153 0.147112 
111400 0.00801241 0.139095 0.00790959 0 0 0.155023 0.14701 
111600 0.00798439 0.13904 0.00786252 0 0 0.154893 0.146907 
111800 0.00795638 0.138985 0.00781546 0 0 0.154763 0.146805 
112000 0.00792837 0.13893 0.00776839 0 0 0.154633 0.146703 
112200 0.00790035 0.138875 0.00772133 0 0 0.154503 0.1466 
112400 0.00787234 0.13882 0.00767426 0 0 0.154373 0.146498 
112600 0.00784545 0.138766 0.00762963 0 0 0.154247 0.146399 
112800 0.00781968 0.138712 0.00758744 0 0 0.154125 0.146303 
113000 0.0077939 0.138659 0.00754525 0 0 0.154003 0.146208 
113200 0.00776813 0.138606 0.00750306 0 0 0.153881 0.146112 
113400 0.00774236 0.138553 0.00746086 0 0 0.15376 0.146017 
113600 0.00771658 0.1385 0.00741867 0 0 0.153638 0.145921 
113800 0.00769081 0.138447 0.00737648 0 0 0.153516 0.145826 
114000 0.00766504 0.138394 0.00733429 0 0 0.153394 0.14573 
114200 0.00763927 0.13834 0.00729209 0 0 0.153272 0.145634 
114400 0.00761349 0.138287 0.0072499 0 0 0.15315 0.145539 
114600 0.00758772 0.138234 0.00720771 0 0 0.153028 0.145443 
114800 0.00756289 0.138182 0.00716768 0 0 0.15291 0.145351 
115000 0.00753901 0.13813 0.00712982 0 0 0.152796 0.145261 
115200 0.00751513 0.138078 0.00709196 0 0 0.152681 0.145172 
115400 0.00749124 0.138026 0.00705409 0 0 0.152566 0.145083 
115600 0.00746736 0.137974 0.00701623 0 0 0.152452 0.144993 
115800 0.00744348 0.137922 0.00697837 0 0 0.152337 0.144904 
116000 0.0074196 0.13787 0.00694051 0 0 0.152223 0.144815 
116200 0.00739572 0.137818 0.00690265 0 0 0.152108 0.144725 
116400 0.00737184 0.137767 0.00686478 0 0 0.151994 0.144636 
116600 0.00734795 0.137715 0.00682692 0 0 0.151879 0.144546 
116800 0.00732407 0.137663 0.00678906 0 0 0.151765 0.144457 
117000 0.00730019 0.137611 0.0067512 0 0 0.15165 0.144368 
117200 0.00727619 0.137556 0.00671398 0 0 0.151535 0.144276 
117400 0.00725219 0.1375 0.00667676 0 0 0.15142 0.144185 
117600 0.00722819 0.137445 0.00663954 0 0 0.151306 0.144094 
117800 0.00720419 0.13739 0.00660232 0 0 0.151191 0.144003 
118000 0.00718018 0.137334 0.0065651 0 0 0.151076 0.143911 
118200 0.00715618 0.137279 0.00652788 0 0 0.150961 0.14382 
118400 0.00713218 0.137224 0.00649066 0 0 0.150846 0.143729 
118600 0.00710818 0.137169 0.00645344 0 0 0.150731 0.143638 
118800 0.00708418 0.137113 0.00641622 0 0 0.150616 0.143546 
119000 0.00706018 0.137058 0.00637899 0 0 0.150501 0.143455 
119200 0.00703618 0.137003 0.00634178 0 0 0.150386 0.143364 
119400 0.00701482 0.136953 0.00630981 0 0 0.150283 0.143281 
119600 0.00699345 0.136903 0.00627784 0 0 0.15018 0.143198 
119800 0.00697209 0.136853 0.00624587 0 0 0.150076 0.143116 
120000 0.00695073 0.136804 0.0062139 0 0 0.149973 0.143033 
120200 0.00692937 0.136754 0.00618193 0 0 0.149869 0.14295 
120400 0.00690801 0.136704 0.00614997 0 0 0.149766 0.142868 
120600 0.00688665 0.136655 0.006118 0 0 0.149663 0.142785 
120800 0.00686529 0.136605 0.00608603 0 0 0.149559 0.142702 
121000 0.00684393 0.136555 0.00605406 0 0 0.149456 0.142619 
121200 0.00682257 0.136505 0.0060221 0 0 0.149353 0.142537 
121400 0.00680121 0.136456 0.00599013 0 0 0.149249 0.142454 
121600 0.00677984 0.136406 0.00595816 0 0 0.149146 0.142371 
121800 0.00675937 0.136355 0.00592802 0 0 0.149044 0.14229 
122000 0.00673889 0.136305 0.00589788 0 0 0.148941 0.142208 
122200 0.00671842 0.136254 0.00586773 0 0 0.148839 0.142126 
122400 0.00669794 0.136203 0.00583759 0 0 0.148736 0.142045 
122600 0.00667747 0.136153 0.00580745 0 0 0.148634 0.141963 
122800 0.00665699 0.136102 0.00577731 0 0 0.148532 0.141881 
123000 0.00663652 0.136051 0.00574717 0 0 0.148429 0.141799 
123200 0.00661604 0.136 0.00571703 0 0 0.148327 0.141718 
123400 0.00659557 0.13595 0.00568688 0 0 0.148225 0.141636 
123600 0.00657509 0.135899 0.00565674 0 0 0.148122 0.141554 
123800 0.00655462 0.135848 0.0056266 0 0 0.14802 0.141473 
124000 0.00653414 0.135798 0.00559646 0 0 0.147917 0.141391 
124200 0.00651431 0.135746 0.00556824 0 0 0.147818 0.141311 
124400 0.00649447 0.135694 0.00554002 0 0 0.147719 0.141232 
124600 0.00647464 0.135643 0.0055118 0 0 0.147619 0.141152 
124800 0.0064548 0.135591 0.00548359 0 0 0.14752 0.141072 
125000 0.00643496 0.135539 0.00545537 0 0 0.14742 0.140992 
125200 0.00641513 0.135488 0.00542715 0 0 0.147321 0.140913 
125400 0.0063953 0.135436 0.00539894 0 0 0.147221 0.140833 
125600 0.00637546 0.135384 0.00537072 0 0 0.147122 0.140753 
125800 0.00635562 0.135333 0.0053425 0 0 0.147023 0.140673 
126000 0.00633579 0.135281 0.00531428 0 0 0.146923 0.140594 
126200 0.00631595 0.135229 0.00528607 0 0 0.146824 0.140514 
126400 0.00629612 0.135178 0.00525785 0 0 0.146724 0.140434 
126600 0.00627701 0.135125 0.00523135 0 0 0.146627 0.140355 
126800 0.00625791 0.135073 0.00520484 0 0 0.14653 0.140277 
127000 0.0062388 0.135021 0.00517834 0 0 0.146433 0.140198 
127200 0.00621969 0.134969 0.00515183 0 0 0.146337 0.140119 
127400 0.00620058 0.134917 0.00512533 0 0 0.14624 0.14004 
127600 0.00618148 0.134865 0.00509882 0 0 0.146143 0.139962 
127800 0.00616237 0.134812 0.00507232 0 0 0.146046 0.139883 
128000 0.00614326 0.13476 0.00504581 0 0 0.145949 0.139804 
128200 0.00612416 0.134708 0.00501931 0 0 0.145852 0.139725 
128400 0.00610505 0.134656 0.0049928 0 0 0.145755 0.139647 
128600 0.00608594 0.134604 0.0049663 0 0 0.145658 0.139568 
128800 0.00606684 0.134551 0.00493979 0 0 0.145561 0.139489 
129000 0.00604984 0.134502 0.00491679 0 0 0.145472 0.139417 
129200 0.00603285 0.134453 0.00489379 0 0 0.145383 0.139346 
129400 0.00601586 0.134404 0.00487079 0 0 0.145294 0.139274 
129600 0.00599887 0.134355 0.00484778 0 0 0.145205 0.139202 
129800 0.00598188 0.134306 0.00482478 0 0 0.145116 0.13913 
130000 0.00596488 0.134257 0.00480178 0 0 0.145027 0.139058 
130200 0.00594789 0.134208 0.00477878 0 0 0.144937 0.138987 
130400 0.0059309 0.134159 0.00475577 0 0 0.144848 0.138915 
130600 0.00591391 0.13411 0.00473277 0 0 0.144759 0.138843 
130800 0.00589692 0.134061 0.00470977 0 0 0.14467 0.138771 
131000 0.00587992 0.134012 0.00468677 0 0 0.144581 0.1387 
131200 0.00586293 0.133963 0.00466376 0 0 0.144492 0.138628 
131400 0.00584594 0.133914 0.00464076 0 0 0.144403 0.138556 
131600 0.00582883 0.133864 0.00461836 0 0 0.144313 0.138482 
131800 0.00581172 0.133814 0.00459596 0 0 0.144223 0.138409 
132000 0.00579461 0.133765 0.00457355 0 0 0.144132 0.138335 
132200 0.0057775 0.133715 0.00455115 0 0 0.144042 0.138261 
132400 0.00576039 0.133666 0.00452875 0 0 0.143952 0.138187 
132600 0.00574328 0.133616 0.00450635 0 0 0.143862 0.138114 
132800 0.00572617 0.133566 0.00448395 0 0 0.143771 0.13804 
133000 0.00570907 0.133517 0.00446155 0 0 0.143681 0.137966 
133200 0.00569196 0.133467 0.00443915 0 0 0.143591 0.137893 
133400 0.00567485 0.133417 0.00441674 0 0 0.143501 0.137819 
133600 0.00565774 0.133368 0.00439434 0 0 0.14341 0.137745 
133800 0.00564063 0.133318 0.00437194 0 0 0.14332 0.137671 
134000 0.00562445 0.133269 0.00435098 0 0 0.143234 0.137601 
134200 0.0056092 0.133221 0.00433146 0 0 0.143152 0.137535 
134400 0.00559396 0.133173 0.00431194 0 0 0.143071 0.137468 
134600 0.00557871 0.133125 0.00429242 0 0 0.142989 0.137402 
134800 0.00556346 0.133077 0.00427289 0 0 0.142907 0.137335 
135000 0.00554821 0.133029 0.00425337 0 0 0.142825 0.137269 
135200 0.00553297 0.132981 0.00423385 0 0 0.142743 0.137202 
135400 0.00551772 0.132932 0.00421433 0 0 0.142661 0.137136 
135600 0.00550247 0.132884 0.00419481 0 0 0.14258 0.137069 
135800 0.00548723 0.132836 0.00417529 0 0 0.142498 0.137003 
136000 0.00547198 0.132788 0.00415577 0 0 0.142416 0.136936 
136200 0.00545673 0.13274 0.00413624 0 0 0.142334 0.13687 
136400 0.00544148 0.132692 0.00411672 0 0 0.142252 0.136803 
136600 0.00542624 0.132644 0.0040972 0 0 0.142171 0.136737 
136800 0.00541102 0.132595 0.00407818 0 0 0.142087 0.136669 
137000 0.00539581 0.132546 0.00405917 0 0 0.142003 0.136601 
137200 0.00538059 0.132497 0.00404015 0 0 0.141918 0.136534 
137400 0.00536538 0.132447 0.00402113 0 0 0.141834 0.136466 
137600 0.00535016 0.132398 0.00400211 0 0 0.14175 0.136398 
137800 0.00533494 0.132349 0.00398309 0 0 0.141666 0.136331 
138000 0.00531973 0.1323 0.00396407 0 0 0.141582 0.136263 
138200 0.00530451 0.132251 0.00394506 0 0 0.141498 0.136195 
138400 0.0052893 0.132202 0.00392604 0 0 0.141414 0.136128 
138600 0.00527408 0.132153 0.00390702 0 0 0.14133 0.13606 
138800 0.00525887 0.132104 0.003888 0 0 0.141246 0.135992 
139000 0.00524365 0.132055 0.00386898 0 0 0.141162 0.135924 
139200 0.00522844 0.132006 0.00384996 0 0 0.141078 0.135857 
139400 0.0052142 0.131956 0.00383276 0 0 0.140999 0.135791 
139600 0.00519997 0.131907 0.00381555 0 0 0.14092 0.135726 
139800 0.00518574 0.131858 0.00379834 0 0 0.14084 0.13566 
140000 0.00517151 0.131808 0.00378114 0 0 0.140761 0.135594 
140200 0.00515728 0.131759 0.00376393 0 0 0.140682 0.135529 
140400 0.00514304 0.131709 0.00374672 0 0 0.140603 0.135463 
140600 0.00512881 0.13166 0.00372951 0 0 0.140524 0.135397 
140800 0.00511458 0.13161 0.00371231 0 0 0.140444 0.135332 
141000 0.00510035 0.131561 0.0036951 0 0 0.140365 0.135266 
141200 0.00508612 0.131511 0.00367789 0 0 0.140286 0.135201 
141400 0.00507188 0.131462 0.00366069 0 0 0.140207 0.135135 
141600 0.00505765 0.131413 0.00364348 0 0 0.140128 0.135069 
141800 0.00504342 0.131363 0.00362627 0 0 0.140048 0.135004 
142000 0.00502973 0.131315 0.00360986 0 0 0.139971 0.13494 
142200 0.00501658 0.131269 0.00359426 0 0 0.139894 0.134877 
142400 0.00500343 0.131222 0.00357865 0 0 0.139818 0.134815 
142600 0.00499028 0.131176 0.00356304 0 0 0.139742 0.134752 
142800 0.00497713 0.13113 0.00354743 0 0 0.139665 0.13469 
143000 0.00496398 0.131083 0.00353182 0 0 0.139589 0.134627 
143200 0.00495083 0.131037 0.00351621 0 0 0.139513 0.134565 
143400 0.00493768 0.13099 0.0035006 0 0 0.139436 0.134503 
143600 0.00492453 0.130944 0.00348499 0 0 0.13936 0.13444 
143800 0.00491138 0.130898 0.00346938 0 0 0.139283 0.134378 
144000 0.00489823 0.130851 0.00345377 0 0 0.139207 0.134315 
144200 0.00488508 0.130805 0.00343816 0 0 0.139131 0.134253 
144400 0.00487193 0.130758 0.00342255 0 0 0.139054 0.13419 
144600 0.00485878 0.130712 0.00340694 0 0 0.138978 0.134128 
144800 0.00484582 0.130665 0.00339182 0 0 0.138903 0.134065 
145000 0.00483305 0.130618 0.00337718 0 0 0.138828 0.134003 
145200 0.00482028 0.130571 0.00336254 0 0 0.138753 0.133941 
145400 0.00480751 0.130523 0.0033479 0 0 0.138679 0.133878 
145600 0.00479474 0.130476 0.00333326 0 0 0.138604 0.133816 
145800 0.00478197 0.130429 0.00331862 0 0 0.138529 0.133753 
146000 0.0047692 0.130382 0.00330398 0 0 0.138454 0.133691 
146200 0.00475643 0.130334 0.00328934 0 0 0.13838 0.133628 
146400 0.00474366 0.130287 0.0032747 0 0 0.138305 0.133566 
146600 0.00473089 0.13024 0.00326006 0 0 0.13823 0.133504 
146800 0.00471812 0.130193 0.00324542 0 0 0.138156 0.133441 
147000 0.00470535 0.130145 0.00323079 0 0 0.138081 0.133379 
147200 0.00469258 0.130098 0.00321615 0 0 0.138006 0.133316 
147400 0.00467981 0.130051 0.00320151 0 0 0.137932 0.133254 
147600 0.00466758 0.130005 0.00318761 0 0 0.137859 0.133193 
147800 0.00465589 0.129959 0.00317446 0 0 0.137788 0.133135 
148000 0.0046442 0.129914 0.00316131 0 0 0.137717 0.133077 
148200 0.00463251 0.129868 0.00314816 0 0 0.137646 0.133019 
148400 0.00462082 0.129823 0.00313501 0 0 0.137576 0.132961 
148600 0.00460913 0.129778 0.00312186 0 0 0.137505 0.132903 
148800 0.00459744 0.129732 0.00310871 0 0 0.137434 0.132845 
149000 0.00458575 0.129687 0.00309556 0 0 0.137363 0.132787 
149200 0.00457406 0.129642 0.00308241 0 0 0.137292 0.132729 
149400 0.00456237 0.129596 0.00306926 0 0 0.137221 0.13267 
149600 0.00455068 0.129551 0.00305611 0 0 0.13715 0.132612 
149800 0.00453899 0.129506 0.00304296 0 0 0.137079 0.132554 
150000 0.0045273 0.12946 0.00302981 0 0 0.137009 0.132496 
150200 0.00451481 0.12941 0.00301564 0 0 0.136935 0.132428 
150400 0.00450232 0.12936 0.00300146 0 0 0.136861 0.13236 
150600 0.00449127 0.129316 0.00298942 0 0 0.136793 0.132304 
150800 0.00448023 0.129272 0.00297737 0 0 0.136725 0.132247 
151000 0.00446919 0.129228 0.00296533 0 0 0.136656 0.13219 
151200 0.00445815 0.129183 0.00295328 0 0 0.136588 0.132133 
151400 0.00444711 0.129139 0.00294124 0 0 0.13652 0.132077 
151600 0.00443607 0.129095 0.0029292 0 0 0.136452 0.13202 
151800 0.00442503 0.129051 0.00291715 0 0 0.136384 0.131963 
152000 0.00441399 0.129007 0.00290511 0 0 0.136316 0.131907 
152200 0.00440295 0.128963 0.00289306 0 0 0.136248 0.13185 
152400 0.00439191 0.128919 0.00288102 0 0 0.13618 0.131793 
152600 0.00438087 0.128875 0.00286897 0 0 0.136112 0.131737 
152800 0.00436983 0.128831 0.00285693 0 0 0.136043 0.13168 
153000 0.00435878 0.128787 0.00284488 0 0 0.135975 0.131623 
153200 0.00434774 0.128742 0.00283284 0 0 0.135907 0.131566 
153400 0.0043367 0.128698 0.00282079 0 0 0.135839 0.13151 
153600 0.00432608 0.128653 0.00280948 0 0 0.135773 0.131454 
153800 0.00431546 0.128608 0.00279817 0 0 0.135707 0.131398 
154000 0.00430484 0.128562 0.00278687 0 0 0.135641 0.131342 
154200 0.00429422 0.128517 0.00277556 0 0 0.135574 0.131286 
154400 0.00428361 0.128472 0.00276425 0 0 0.135508 0.13123 
154600 0.00427299 0.128427 0.00275294 0 0 0.135442 0.131174 
154800 0.00426237 0.128381 0.00274163 0 0 0.135376 0.131118 
155000 0.00425175 0.128336 0.00273032 0 0 0.13531 0.131062 
155200 0.00424113 0.128291 0.00271901 0 0 0.135244 0.131007 
155400 0.00423051 0.128246 0.0027077 0 0 0.135178 0.130951 
155600 0.00421989 0.1282 0.0026964 0 0 0.135111 0.130895 
155800 0.00420927 0.128155 0.00268509 0 0 0.135045 0.130839 
156000 0.00419865 0.12811 0.00267378 0 0 0.134979 0.130783 
156200 0.00418803 0.128064 0.00266247 0 0 0.134913 0.130727 
156400 0.00417741 0.128019 0.00265116 0 0 0.134847 0.130671 
156600 0.00416714 0.127974 0.00264058 0 0 0.13478 0.130615 
156800 0.00415688 0.127929 0.00262999 0 0 0.134714 0.130559 
157000 0.00414661 0.127883 0.00261941 0 0 0.134647 0.130503 
157200 0.00413635 0.127838 0.00260883 0 0 0.134581 0.130447 
157400 0.00412608 0.127793 0.00259824 0 0 0.134514 0.130391 
157600 0.00411582 0.127747 0.00258766 0 0 0.134448 0.130336 
157800 0.00410555 0.127702 0.00257707 0 0 0.134381 0.13028 
158000 0.00409529 0.127657 0.00256649 0 0 0.134314 0.130224 
158200 0.00408502 0.127612 0.00255591 0 0 0.134248 0.130168 
158400 0.00407476 0.127566 0.00254532 0 0 0.134181 0.130112 
158600 0.00406449 0.127521 0.00253474 0 0 0.134115 0.130056 
158800 0.00405423 0.127476 0.00252415 0 0 0.134048 0.13 
159000 0.00404396 0.12743 0.00251357 0 0 0.133982 0.129944 
159200 0.0040337 0.127385 0.00250298 0 0 0.133915 0.129888 
159400 0.00402343 0.12734 0.0024924 0 0 0.133849 0.129832 
159600 0.00401383 0.127295 0.00248277 0 0 0.133785 0.129778 
159800 0.00400423 0.127251 0.00247314 0 0 0.133722 0.129724 
160000 0.00399463 0.127206 0.00246351 0 0 0.133659 0.12967 
160200 0.00398502 0.127162 0.00245388 0 0 0.133596 0.129616 
160400 0.00397542 0.127117 0.00244425 0 0 0.133532 0.129562 
160600 0.00396582 0.127072 0.00243463 0 0 0.133469 0.129508 
160800 0.00395621 0.127028 0.002425 0 0 0.133406 0.129454 
161000 0.00394661 0.126983 0.00241537 0 0 0.133343 0.129399 
161200 0.00393701 0.126939 0.00240574 0 0 0.133279 0.129345 
161400 0.00392741 0.126894 0.00239611 0 0 0.133216 0.129291 
161600 0.0039178 0.126849 0.00238648 0 0 0.133153 0.129237 
161800 0.0039082 0.126805 0.00237685 0 0 0.13309 0.129183 
162000 0.0038986 0.12676 0.00236722 0 0 0.133026 0.129129 
162200 0.003889 0.126716 0.00235759 0 0 0.132963 0.129075 
162400 0.00387939 0.126671 0.00234796 0 0 0.1329 0.129021 
162600 0.00387014 0.126628 0.00233874 0 0 0.132838 0.128968 
162800 0.00386123 0.126585 0.00232992 0 0 0.132778 0.128916 
163000 0.00385232 0.126543 0.0023211 0 0 0.132719 0.128864 
163200 0.00384342 0.1265 0.00231228 0 0 0.132659 0.128813 
163400 0.00383451 0.126458 0.00230346 0 0 0.132599 0.128761 
163600 0.0038256 0.126415 0.00229464 0 0 0.132539 0.128709 
163800 0.0038167 0.126373 0.00228583 0 0 0.132479 0.128658 
164000 0.00380779 0.12633 0.00227701 0 0 0.13242 0.128606 
164200 0.00379888 0.126288 0.00226819 0 0 0.13236 0.128554 
164400 0.00378997 0.126246 0.00225937 0 0 0.1323 0.128503 
164600 0.00378107 0.126203 0.00225055 0 0 0.13224 0.128451 
164800 0.00377216 0.126161 0.00224173 0 0 0.13218 0.128399 
165000 0.00376325 0.126118 0.00223291 0 0 0.132121 0.128348 
165200 0.00375434 0.126076 0.00222409 0 0 0.132061 0.128296 
165400 0.00374544 0.126033 0.00221527 0 0 0.132001 0.128244 
165600 0.00373653 0.125991 0.00220646 0 0 0.131941 0.128193 
165800 0.00372787 0.125949 0.00219806 0 0 0.131882 0.128142 
166000 0.00371946 0.125907 0.00219008 0 0 0.131823 0.128093 
166200 0.00371105 0.125865 0.00218211 0 0 0.131764 0.128043 
166400 0.00370264 0.125823 0.00217413 0 0 0.131705 0.127994 
166600 0.00369424 0.125781 0.00216616 0 0 0.131646 0.127944 
166800 0.00368583 0.125739 0.00215818 0 0 0.131587 0.127895 
167000 0.00367742 0.125697 0.00215021 0 0 0.131527 0.127846 
167200 0.00366901 0.125656 0.00214223 0 0 0.131468 0.127796 
167400 0.0036606 0.125614 0.00213426 0 0 0.131409 0.127747 
167600 0.00365219 0.125572 0.00212628 0 0 0.13135 0.127697 
167800 0.00364379 0.12553 0.00211831 0 0 0.131291 0.127648 
168000 0.00363538 0.125488 0.00211033 0 0 0.131232 0.127599 
168200 0.00362697 0.125446 0.00210236 0 0 0.131173 0.127549 
168400 0.00361856 0.125404 0.00209438 0 0 0.131114 0.1275 
168600 0.00361015 0.125362 0.0020864 0 0 0.131055 0.12745 
168800 0.00360174 0.12532 0.00207843 0 0 0.130996 0.127401 
169000 0.00359334 0.125279 0.00207045 0 0 0.130937 0.127352 
169200 0.0035853 0.125237 0.0020629 0 0 0.13088 0.127302 
169400 0.00357726 0.125195 0.00205535 0 0 0.130822 0.127253 
169600 0.00356923 0.125153 0.0020478 0 0 0.130765 0.127203 
169800 0.00356119 0.125111 0.00204024 0 0 0.130708 0.127154 
170000 0.00355315 0.125069 0.00203269 0 0 0.13065 0.127105 
170200 0.00354512 0.125027 0.00202514 0 0 0.130593 0.127055 
170400 0.00353708 0.124985 0.00201758 0 0 0.130536 0.127006 
170600 0.00352905 0.124944 0.00201003 0 0 0.130479 0.126957 
170800 0.00352101 0.124902 0.00200248 0 0 0.130421 0.126907 
171000 0.00351297 0.12486 0.00199493 0 0 0.130364 0.126858 
171200 0.00350494 0.124818 0.00198737 0 0 0.130307 0.126808 
171400 0.0034969 0.124776 0.00197982 0 0 0.13025 0.126759 
171600 0.00348887 0.124734 0.00197227 0 0 0.130192 0.12671 
171800 0.00348083 0.124692 0.00196471 0 0 0.130135 0.12666 
172000 0.00347279 0.12465 0.00195716 0 0 0.130078 0.126611 
172200 0.00346476 0.124608 0.00194961 0 0 0.13002 0.126561 
172400 0.00345687 0.124567 0.00194233 0 0 0.129963 0.126512 
172600 0.00344914 0.124525 0.00193533 0 0 0.129906 0.126463 
172800 0.0034414 0.124483 0.00192834 0 0 0.129849 0.126413 
173000 0.00343366 0.124441 0.00192134 0 0 0.129791 0.126364 
173200 0.00342593 0.124399 0.00191434 0 0 0.129734 0.126314 
173400 0.00341819 0.124357 0.00190734 0 0 0.129677 0.126265 
173600 0.00341046 0.124315 0.00190034 0 0 0.12962 0.126216 
173800 0.00340272 0.124273 0.00189335 0 0 0.129562 0.126166 
174000 0.00339499 0.124232 0.00188635 0 0 0.129505 0.126117 
174200 0.00338725 0.12419 0.00187935 0 0 0.129448 0.126067 
174400 0.00337952 0.124148 0.00187235 0 0 0.12939 0.126018 
174600 0.00337178 0.124106 0.00186535 0 0 0.129333 0.125969 
174800 0.00336405 0.124064 0.00185836 0 0 0.129276 0.125919 
175000 0.00335631 0.124022 0.00185136 0 0 0.129219 0.12587 
175200 0.00334857 0.12398 0.00184436 0 0 0.129161 0.12582 
175400 0.00334084 0.123938 0.00183736 0 0 0.129104 0.125771 
175600 0.0033331 0.123897 0.00183036 0 0 0.129047 0.125722 
175800 0.00332603 0.123856 0.0018241 0 0 0.128994 0.125676 
176000 0.00331895 0.123816 0.00181783 0 0 0.128941 0.12563 
176200 0.00331187 0.123775 0.00181156 0 0 0.128889 0.125584 
176400 0.00330479 0.123735 0.00180529 0 0 0.128836 0.125538 
176600 0.00329772 0.123694 0.00179903 0 0 0.128784 0.125492 
176800 0.00329064 0.123654 0.00179276 0 0 0.128731 0.125446 
177000 0.00328356 0.123613 0.00178649 0 0 0.128678 0.1254 
177200 0.00327648 0.123573 0.00178022 0 0 0.128626 0.125354 
177400 0.00326941 0.123532 0.00177396 0 0 0.128573 0.125308 
177600 0.00326233 0.123492 0.00176769 0 0 0.12852 0.125263 
177800 0.00325525 0.123451 0.00176142 0 0 0.128468 0.125217 
178000 0.00324817 0.123411 0.00175515 0 0 0.128415 0.125171 
178200 0.0032411 0.12337 0.00174889 0 0 0.128362 0.125125 
178400 0.00323402 0.12333 0.00174262 0 0 0.12831 0.125079 
178600 0.00322694 0.123289 0.00173635 0 0 0.128257 0.125033 
178800 0.00321986 0.123249 0.00173008 0 0 0.128204 0.124987 
179000 0.00321279 0.123208 0.00172382 0 0 0.128152 0.124941 
179200 0.00320585 0.123168 0.00171774 0 0 0.128099 0.124895 
179400 0.00319904 0.123128 0.00171186 0 0 0.128046 0.124848 
179600 0.00319224 0.123087 0.00170598 0 0 0.127994 0.124801 
179800 0.00318543 0.123047 0.00170011 0 0 0.127941 0.124754 
180000 0.00317863 0.123007 0.00169423 0 0 0.127888 0.124707 
180200 0.00317183 0.122967 0.00168835 0 0 0.127836 0.12466 
180400 0.00316502 0.122927 0.00168247 0 0 0.127783 0.124613 
180600 0.00315822 0.122887 0.00167659 0 0 0.127731 0.124566 
180800 0.00315141 0.122846 0.00167071 0 0 0.127678 0.12452 
181000 0.00314461 0.122806 0.00166483 0 0 0.127625 0.124473 
181200 0.00313781 0.122766 0.00165895 0 0 0.127573 0.124426 
181400 0.003131 0.122726 0.00165307 0 0 0.12752 0.124379 
181600 0.0031242 0.122686 0.00164719 0 0 0.127467 0.124332 
181800 0.00311739 0.122646 0.00164131 0 0 0.127415 0.124285 
182000 0.00311059 0.122605 0.00163543 0 0 0.127362 0.124238 
182200 0.00310379 0.122565 0.00162955 0 0 0.127309 0.124191 
182400 0.00309698 0.122525 0.00162367 0 0 0.127257 0.124144 
182600 0.00309018 0.122485 0.0016178 0 0 0.127204 0.124097 
182800 0.00308366 0.122444 0.00161229 0 0 0.127151 0.124052 
183000 0.00307714 0.122404 0.00160679 0 0 0.127099 0.124007 
183200 0.00307062 0.122363 0.00160129 0 0 0.127046 0.123962 
183400 0.0030641 0.122323 0.00159579 0 0 0.126993 0.123916 
183600 0.00305757 0.122282 0.00159029 0 0 0.126941 0.123871 
183800 0.00305105 0.122242 0.00158479 0 0 0.126888 0.123826 
184000 0.00304453 0.122201 0.00157929 0 0 0.126835 0.123781 
184200 0.00303801 0.122161 0.00157378 0 0 0.126783 0.123736 
184400 0.00303149 0.12212 0.00156828 0 0 0.12673 0.12369 
184600 0.00302497 0.12208 0.00156278 0 0 0.126678 0.123645 
184800 0.00301845 0.122039 0.00155728 0 0 0.126625 0.1236 
185000 0.00301193 0.121999 0.00155178 0 0 0.126572 0.123555 
185200 0.00300541 0.121958 0.00154628 0 0 0.12652 0.123509 
185400 0.00299889 0.121918 0.00154078 0 0 0.126467 0.123464 
185600 0.00299237 0.121877 0.00153528 0 0 0.126414 0.123419 
185800 0.00298585 0.121837 0.00152977 0 0 0.126362 0.123374 
186000 0.00297933 0.121796 0.00152427 0 0 0.126309 0.123328 
186200 0.00297308 0.121757 0.00151907 0 0 0.126258 0.123284 
186400 0.00296709 0.121719 0.00151416 0 0 0.126209 0.123241 
186600 0.00296111 0.121681 0.00150925 0 0 0.12616 0.123197 
186800 0.00295513 0.121643 0.00150434 0 0 0.126111 0.123154 
187000 0.00294914 0.121605 0.00149943 0 0 0.126061 0.12311 
187200 0.00294316 0.121567 0.00149452 0 0 0.126012 0.123067 
187400 0.00293718 0.121529 0.00148961 0 0 0.125963 0.123024 
187600 0.0029312 0.121491 0.0014847 0 0 0.125914 0.12298 
187800 0.00292521 0.121453 0.00147979 0 0 0.125865 0.122937 
188000 0.00291923 0.121415 0.00147488 0 0 0.125816 0.122893 
188200 0.00291325 0.121377 0.00146997 0 0 0.125766 0.12285 
188400 0.00290726 0.121339 0.00146506 0 0 0.125717 0.122807 
188600 0.00290128 0.121301 0.00146014 0 0 0.125668 0.122763 
188800 0.0028953 0.121263 0.00145523 0 0 0.125619 0.12272 
189000 0.00288932 0.121225 0.00145032 0 0 0.12557 0.122676 
189200 0.00288333 0.121187 0.00144541 0 0 0.125521 0.122633 
189400 0.00287735 0.121149 0.0014405 0 0 0.125471 0.122589 
189600 0.00287137 0.121111 0.00143559 0 0 0.125422 0.122546 
189800 0.00286538 0.121073 0.00143068 0 0 0.125373 0.122503 
190000 0.00285965 0.121035 0.00142611 0 0 0.125325 0.12246 
190200 0.00285392 0.120997 0.00142153 0 0 0.125276 0.122417 
190400 0.00284818 0.120958 0.00141696 0 0 0.125227 0.122374 
190600 0.00284245 0.12092 0.00141238 0 0 0.125179 0.122331 
190800 0.00283671 0.120882 0.00140781 0 0 0.12513 0.122289 
191000 0.00283098 0.120843 0.00140323 0 0 0.125082 0.122246 
191200 0.00282525 0.120805 0.00139866 0 0 0.125033 0.122203 
191400 0.00281951 0.120767 0.00139408 0 0 0.124985 0.12216 
191600 0.00281378 0.120728 0.00138951 0 0 0.124936 0.122118 
191800 0.00280804 0.12069 0.00138493 0 0 0.124888 0.122075 
192000 0.00280231 0.120652 0.00138036 0 0 0.124839 0.122032 
192200 0.00279658 0.120614 0.00137578 0 0 0.124791 0.121989 
192400 0.00279084 0.120575 0.00137121 0 0 0.124742 0.121946 
192600 0.00278511 0.120537 0.00136663 0 0 0.124694 0.121904 
192800 0.00277938 0.120499 0.00136206 0 0 0.124645 0.121861 
193000 0.00277364 0.12046 0.00135748 0 0 0.124597 0.121818 
193200 0.00276791 0.120422 0.00135291 0 0 0.124548 0.121775 
193400 0.00276217 0.120384 0.00134833 0 0 0.1245 0.121733 
193600 0.00275661 0.120346 0.00134395 0 0 0.124452 0.121691 
193800 0.00275122 0.120309 0.00133975 0 0 0.124404 0.12165 
194000 0.00274582 0.120272 0.00133555 0 0 0.124357 0.121609 
194200 0.00274043 0.120235 0.00133135 0 0 0.12431 0.121568 
194400 0.00273504 0.120198 0.00132715 0 0 0.124263 0.121527 
194600 0.00272964 0.120161 0.00132295 0 0 0.124215 0.121485 
194800 0.00272425 0.120124 0.00131875 0 0 0.124168 0.121444 
195000 0.00271886 0.120087 0.00131455 0 0 0.124121 0.121403 
195200 0.00271346 0.12005 0.00131035 0 0 0.124074 0.121362 
195400 0.00270807 0.120013 0.00130615 0 0 0.124026 0.121321 
195600 0.00270268 0.119976 0.00130195 0 0 0.123979 0.12128 
195800 0.00269728 0.119939 0.00129775 0 0 0.123932 0.121239 
196000 0.00269189 0.119902 0.00129355 0 0 0.123885 0.121198 
196200 0.0026865 0.119865 0.00128935 0 0 0.123837 0.121157 
196400 0.0026811 0.119828 0.00128515 0 0 0.12379 0.121116 
196600 0.00267571 0.119791 0.00128095 0 0 0.123743 0.121075 
196800 0.00267032 0.119754 0.00127675 0 0 0.123696 0.121034 
197000 0.00266492 0.119717 0.00127255 0 0 0.123648 0.120993 
197200 0.00265953 0.11968 0.00126835 0 0 0.123601 0.120952 
197400 0.00265421 0.119643 0.00126426 0 0 0.123555 0.120911 
197600 0.00264896 0.119605 0.00126029 0 0 0.123509 0.12087 
197800 0.00264372 0.119568 0.00125632 0 0 0.123463 0.120829 
198000 0.00263847 0.11953 0.00125235 0 0 0.123417 0.120788 
198200 0.00263323 0.119492 0.00124837 0 0 0.123371 0.120746 
198400 0.00262798 0.119455 0.0012444 0 0 0.123325 0.120705 
198600 0.00262274 0.119417 0.00124043 0 0 0.123279 0.120664 
198800 0.00261749 0.119379 0.00123646 0 0 0.123233 0.120623 
199000 0.00261224 0.119342 0.00123249 0 0 0.123187 0.120582 
199200 0.002607 0.119304 0.00122852 0 0 0.123141 0.120541 
199400 0.00260175 0.119267 0.00122454 0 0 0.123095 0.1205 
199600 0.00259651 0.119229 0.00122057 0 0 0.123049 0.120459 
199800 0.00259126 0.119191 0.0012166 0 0 0.123003 0.120417 
200000 0.00258602 0.119154 0.00121263 0 0 0.122957 0.120376 
