1000 5.11212 0.00611823 7806.62 0 0 7814.88 7806.62 
1200 5.01444 0.00811395 7763.75 0 0 7768.73 7763.75 
1400 4.91144 0.0101609 5356.73 0 0 5362.01 5356.73 
1600 4.80209 0.0122053 3866.14 0 0 3870.94 3866.14 
1800 4.68835 0.0142286 2884.52 0 0 2889.5 2884.52 
2000 4.57153 0.016245 2216.76 0 0 2221.46 2216.76 
2200 4.45438 0.0182422 1729.31 0 0 1733.12 1729.31 
2400 4.3371 0.0202154 1378.39 0 0 1382.63 1378.39 
2600 4.22006 0.0221742 1118.8 0 0 1122.97 1118.8 
2800 4.10363 0.0241101 922.019 0 0 926.256 922.036 
3000 3.98847 0.0260261 770.017 0 0 774.047 770.017 
3200 3.87468 0.0279227 647.633 0 0 651.565 647.657 
3400 3.76354 0.0297966 550.516 0 0 554.33 550.535 
3600 3.65393 0.0316473 472.175 0 0 475.846 472.198 
3800 3.54688 0.0334652 408.508 0 0 412.041 408.511 
4000 3.44187 0.0352586 355.884 0 0 359.351 355.884 
4200 3.33942 0.0370237 311.676 0 0 315.044 311.699 
4400 3.23991 0.0387564 274.525 0 0 277.804 274.592 
4600 3.14239 0.0404702 243.095 0 0 246.287 243.154 
4800 3.04847 0.0421435 216.461 0 0 219.546 216.489 
5000 2.9569 0.0437949 193.622 0 0 196.619 193.622 
5200 2.8681 0.0454164 173.805 0 0 176.759 173.899 
5400 2.7825 0.047013 156.643 0 0 159.447 156.666 
5600 2.69955 0.0485766 141.72 0 0 144.433 141.723 
5800 2.6188 0.050116 128.66 0 0 131.29 128.669 
6000 2.54126 0.0516304 117.128 0 0 119.721 117.222 
6200 2.46659 0.0531147 106.952 0 0 109.451 106.997 
6400 2.39394 0.0545834 97.8256 0 0 100.287 97.89 
6600 2.32441 0.0560206 89.8048 0 0 92.1923 89.8725 
6800 2.25756 0.0574315 82.6045 0 0 84.918 82.6611 
7000 2.19335 0.0588211 76.211 0 0 78.4619 76.2702 
7200 2.13146 0.0601882 70.4129 0 0 72.6069 70.4759 
7400 2.07202 0.0615281 65.2603 0 0 67.3937 65.3249 
7600 2.01445 0.0628489 60.561 0 0 62.6355 60.6209 
7800 1.96013 0.0641342 56.3384 0 0 58.3622 56.4042 
8000 1.9071 0.0654082 52.4731 0 0 54.4433 52.5389 
8200 1.85675 0.0666502 48.9762 0 0 50.9023 49.042 
8400 1.80775 0.0678814 45.7444 0 0 47.6245 45.8167 
8600 1.76083 0.0690824 42.8229 0 0 44.6538 42.8945 
8800 1.71585 0.0702701 40.145 0 0 41.9298 40.2151 
9000 1.6725 0.0714253 203.443 0 0 205.181 203.53 
9200 1.63033 0.0725641 193.158 0 0 194.883 193.246 
9400 1.5899 0.0736834 183.535 0 0 185.196 183.624 
9600 1.55095 0.0747888 174.517 0 0 176.152 174.605 
9800 1.51389 0.0758641 230.663 0 0 232.288 230.73 
10000 1.47803 0.0769153 219.656 0 0 221.215 219.75 
10200 1.4443 0.0779234 209.453 0 0 210.984 209.547 
10400 1.40934 0.0789823 199.205 0 0 200.705 199.271 
10600 1.379 0.0799423 190.231 0 0 191.668 190.296 
10800 1.34867 0.0808989 181.551 0 0 182.989 181.644 
11000 1.31859 0.0818528 173.212 0 0 174.59 173.247 
11200 1.28909 0.082809 165.181 0 0 166.528 165.265 
11400 1.26152 0.0837213 157.781 0 0 159.074 157.824 
11600 1.23559 0.0845963 150.909 0 0 152.186 150.98 
11800 1.20971 0.0854851 144.178 0 0 145.476 144.272 
12000 1.18482 0.086348 137.873 0 0 139.161 137.967 
12200 1.16119 0.087179 131.997 0 0 133.24 132.084 
12400 1.13786 0.0880218 126.244 0 0 127.457 126.313 
12600 1.11614 0.0888027 121.125 0 0 122.286 121.217 
12800 1.09382 0.0896101 115.977 0 0 117.154 116.071 
13000 1.07279 0.0903945 111.18 0 0 112.348 111.274 
13200 1.05257 0.091151 106.69 0 0 107.846 106.784 
13400 1.03277 0.091886 102.423 0 0 103.575 102.517 
13600 1.01384 0.0926174 98.3396 0 0 99.4703 98.4336 
13800 0.995856 0.0933216 94.579 0 0 95.6732 94.6729 
14000 0.977985 0.0940217 90.9497 0 0 92.0196 91.0437 
14200 0.960271 0.094711 87.4418 0 0 88.5009 87.5365 
14400 0.943762 0.0953351 84.1999 0 0 85.2414 84.2992 
14600 0.927465 0.0960095 81.0822 0 0 82.1059 81.1792 
14800 0.911498 0.096678 78.086 0 0 79.093 78.1799 
15000 0.896014 0.0973044 75.2383 0 0 76.2313 75.3322 
15200 0.881135 0.0979406 72.5895 0 0 73.5709 72.6903 
15400 0.86659 0.0985257 70.0197 0 0 70.9846 70.1202 
15600 0.85246 0.0990894 67.5757 0 0 68.52 67.67 
15800 0.839051 0.0996531 65.3178 0 0 66.2513 65.4135 
16000 0.825801 0.100234 63.1147 0 0 64.0389 63.2132 
16200 0.812733 0.10084 60.9794 0 0 61.8956 61.0821 
16400 0.79985 0.101395 58.9434 0 0 59.843 59.0431 
16600 0.787324 0.101918 56.99 0 0 57.8735 57.088 
16800 0.775555 0.102391 55.1884 0 0 56.0605 55.2904 
17000 0.763959 0.1029 53.4446 0 0 54.3079 53.548 
17200 0.752458 0.10343 51.7319 0 0 52.5878 51.8352 
17400 0.741161 0.103942 50.1102 0 0 50.9547 50.2136 
17600 0.730165 0.104431 48.5471 0 0 49.3818 48.6505 
17800 0.719729 0.104877 47.0928 0 0 47.9205 47.1961 
18000 0.709431 0.105345 45.6845 0 0 46.5029 45.7879 
18200 0.699225 0.105828 44.3069 0 0 45.1146 44.4103 
18400 0.68917 0.10628 42.9855 0 0 43.7838 43.0934 
18600 0.679216 0.106721 41.6874 0 0 42.4769 41.8002 
18800 0.669932 0.107128 40.5107 0 0 41.2936 40.6235 
19000 0.6607 0.107546 39.3497 0 0 40.1242 39.4616 
19200 0.65162 0.108004 38.2355 0 0 38.9963 38.3438 
19400 0.642607 0.10844 37.1428 0 0 37.8927 37.2484 
19600 0.633694 0.108847 36.0825 0 0 36.8258 36.1865 
19800 0.625096 0.109239 35.0752 0 0 35.8112 35.1819 
20000 0.616756 0.109621 34.1115 0 0 34.8396 34.2242 
20200 0.608586 0.11002 33.1943 0 0 33.9121 33.3025 
20400 0.600434 0.110372 32.2842 0 0 32.9957 32.3958 
20600 0.592536 0.110739 31.4194 0 0 32.1235 31.5322 
20800 0.584776 0.111115 30.579 0 0 31.2752 30.6918 
21000 0.577207 0.111485 29.7806 0 0 30.468 29.8933 
21200 0.569742 0.111852 29.0047 0 0 29.6829 29.1174 
21400 0.56249 0.112194 28.2595 0 0 28.9332 28.3722 
21600 0.555381 0.112521 27.5347 0 0 28.2071 27.6474 
21800 0.548339 0.112863 26.8307 0 0 27.498 26.9435 
22000 0.541365 0.113221 26.1476 0 0 26.8059 26.2603 
22200 0.534507 0.113563 25.4835 0 0 26.133 25.5963 
22400 0.527826 0.113882 24.8482 0 0 25.4889 24.9609 
22600 0.521218 0.114196 24.225 0 0 24.8573 24.3377 
22800 0.514829 0.114495 23.6382 0 0 24.2633 23.7509 
23000 0.508454 0.114794 23.0535 0 0 23.6714 23.1662 
23200 0.502332 0.115099 22.5073 0 0 23.1198 22.62 
23400 0.496211 0.115404 21.9611 0 0 22.5682 22.0739 
23600 0.490294 0.115694 21.4451 0 0 22.0478 21.5611 
23800 0.484428 0.11598 20.9365 0 0 21.5351 21.0566 
24000 0.478677 0.116263 20.4474 0 0 21.0419 20.5681 
24200 0.47304 0.116542 19.9776 0 0 20.5682 20.0955 
24400 0.46744 0.116821 19.513 0 0 20.099 19.6286 
24600 0.462054 0.117095 19.0777 0 0 19.6559 19.1933 
24800 0.456668 0.117369 18.6424 0 0 19.2128 18.758 
25000 0.451378 0.117623 18.2227 0 0 18.7881 18.3382 
25200 0.446121 0.11787 17.8081 0 0 18.3697 17.9237 
25400 0.440967 0.118122 17.4063 0 0 17.9645 17.5228 
25600 0.436007 0.118385 17.0283 0 0 17.5842 17.1474 
25800 0.431046 0.118648 16.6502 0 0 17.2039 16.772 
26000 0.426181 0.118889 16.2913 0 0 16.8393 16.4125 
26200 0.421333 0.119125 15.9358 0 0 16.4774 16.0559 
26400 0.416585 0.119355 15.5905 0 0 16.1263 15.7102 
26600 0.412021 0.119572 15.2642 0 0 15.7953 15.385 
26800 0.407457 0.119789 14.9379 0 0 15.4643 15.0598 
27000 0.402983 0.120014 14.6252 0 0 15.1477 14.7473 
27200 0.398538 0.120241 14.317 0 0 14.8358 14.4391 
27400 0.394129 0.120466 14.0131 0 0 14.528 14.1348 
27600 0.389919 0.120675 13.7336 0 0 14.2426 13.853 
27800 0.385708 0.120884 13.4542 0 0 13.9573 13.5711 
28000 0.38155 0.121093 13.18 0 0 13.6787 13.2966 
28200 0.377454 0.121301 12.912 0 0 13.4083 13.0311 
28400 0.373358 0.12151 12.6441 0 0 13.138 12.7656 
28600 0.369441 0.121713 12.3942 0 0 12.8859 12.5171 
28800 0.365582 0.121915 12.1502 0 0 12.64 12.2741 
29000 0.361723 0.122116 11.9063 0 0 12.394 12.0312 
29200 0.358001 0.122292 11.679 0 0 12.1644 11.8039 
29400 0.354286 0.122467 11.4525 0 0 11.9356 11.5775 
29600 0.350579 0.122642 11.2273 0 0 11.7077 11.3521 
29800 0.346951 0.122821 11.0134 0 0 11.4881 11.1369 
30000 0.343323 0.123 10.7996 0 0 11.2684 10.9217 
30200 0.339752 0.123142 10.5945 0 0 11.0559 10.7169 
30400 0.336332 0.123333 10.398 0 0 10.8563 10.5213 
30600 0.332912 0.123524 10.2015 0 0 10.6566 10.3258 
30800 0.329534 0.123704 10.0091 0 0 10.4613 10.1338 
31000 0.326255 0.123861 9.82628 0 0 10.2762 9.9503 
31200 0.322976 0.124018 9.64346 0 0 10.0911 9.76675 
31400 0.319747 0.124169 9.46538 0 0 9.91028 9.58818 
31600 0.316634 0.124308 9.29839 0 0 9.73935 9.42119 
31800 0.313522 0.124448 9.1314 0 0 9.56842 9.25419 
32000 0.310429 0.12459 8.96609 0 0 9.3994 9.08898 
32200 0.307417 0.124741 8.8075 0 0 9.23805 8.93087 
32400 0.304405 0.124893 8.6489 0 0 9.0767 8.77276 
32600 0.301409 0.125044 8.49165 0 0 8.91675 8.61599 
32800 0.298561 0.125191 8.34647 0 0 8.76939 8.47128 
33000 0.295713 0.125337 8.20129 0 0 8.62204 8.32657 
33200 0.292865 0.125484 8.0561 0 0 8.47468 8.18186 
33400 0.290106 0.125603 7.91993 0 0 8.33577 8.04573 
33600 0.287357 0.125719 7.78476 0 0 8.19779 7.91056 
33800 0.284608 0.125834 7.64958 0 0 8.05981 7.77538 
34000 0.281949 0.125954 7.52022 0 0 7.92788 7.6462 
34200 0.279338 0.126077 7.39399 0 0 7.79919 7.52025 
34400 0.276727 0.126199 7.26775 0 0 7.67051 7.3943 
34600 0.274159 0.126317 7.14519 0 0 7.54556 7.27193 
34800 0.271669 0.126428 7.02947 0 0 7.42754 7.15621 
35000 0.269179 0.126538 6.91374 0 0 7.30952 7.04048 
35200 0.26669 0.126649 6.79802 0 0 7.1915 6.92476 
35400 0.264271 0.126759 6.68804 0 0 7.07931 6.81486 
35600 0.261856 0.12687 6.57837 0 0 6.96743 6.70527 
35800 0.259441 0.126981 6.4687 0 0 6.85555 6.59568 
36000 0.257115 0.127093 6.36476 0 0 6.7493 6.49178 
36200 0.254863 0.127207 6.26552 0 0 6.64768 6.39254 
36400 0.252611 0.12732 6.16627 0 0 6.54605 6.2933 
36600 0.250359 0.127434 6.06703 0 0 6.44443 6.19405 
36800 0.248178 0.127514 5.97305 0 0 6.34844 6.10026 
37000 0.245997 0.127593 5.87908 0 0 6.25245 6.00647 
37200 0.243817 0.127672 5.7851 0 0 6.15647 5.91268 
37400 0.241686 0.127762 5.69444 0 0 6.06388 5.82215 
37600 0.239617 0.127865 5.60782 0 0 5.97547 5.73561 
37800 0.237547 0.127968 5.52121 0 0 5.88705 5.64908 
38000 0.235478 0.128071 5.43459 0 0 5.79864 5.56254 
38200 0.233498 0.128158 5.35355 0 0 5.71563 5.48172 
38400 0.231542 0.128241 5.27391 0 0 5.63398 5.40232 
38600 0.229585 0.128323 5.19426 0 0 5.55233 5.32293 
38800 0.227632 0.128406 5.11483 0 0 5.47091 5.24373 
39000 0.225751 0.128481 5.03942 0 0 5.39385 5.16832 
39200 0.223869 0.128556 4.96401 0 0 5.31679 5.09291 
39400 0.221988 0.128631 4.8886 0 0 5.23972 5.0175 
39600 0.220129 0.128708 4.81499 0 0 5.16434 4.94389 
39800 0.218323 0.12879 4.74559 0 0 5.0929 4.87449 
40000 0.216518 0.128872 4.67619 0 0 5.02146 4.80509 
40200 0.214762 0.12893 4.60896 0 0 4.95287 4.73827 
40400 0.213032 0.128994 4.54304 0 0 4.88546 4.6726 
40600 0.211341 0.129066 4.47911 0 0 4.81979 4.60867 
40800 0.20965 0.129137 4.41518 0 0 4.75412 4.54473 
41000 0.207959 0.129208 4.35124 0 0 4.68845 4.4808 
41200 0.206291 0.129279 4.28918 0 0 4.62472 4.41877 
41400 0.204652 0.12935 4.2294 0 0 4.56337 4.35906 
41600 0.203012 0.12942 4.16963 0 0 4.50202 4.29936 
41800 0.201373 0.129491 4.10985 0 0 4.44067 4.23965 
42000 0.199782 0.129553 4.05217 0 0 4.38144 4.18197 
42200 0.198252 0.129606 3.99703 0 0 4.32479 4.12677 
42400 0.196721 0.129658 3.9419 0 0 4.26815 4.07157 
42600 0.19519 0.129711 3.88677 0 0 4.2115 4.01637 
42800 0.19368 0.129761 3.8329 0 0 4.1562 3.96248 
43000 0.192206 0.129807 3.78137 0 0 4.10338 3.91102 
43200 0.190732 0.129852 3.72985 0 0 4.05057 3.85956 
43400 0.189258 0.129897 3.67832 0 0 3.99775 3.8081 
43600 0.187802 0.129943 3.62769 0 0 3.9458 3.75756 
43800 0.186414 0.129994 3.58062 0 0 3.89729 3.71065 
44000 0.185027 0.130044 3.53356 0 0 3.84879 3.66374 
44200 0.183639 0.130094 3.4865 0 0 3.80028 3.61683 
44400 0.182252 0.130144 3.43944 0 0 3.75178 3.56992 
44600 0.180918 0.130189 3.39473 0 0 3.70575 3.52529 
44800 0.179589 0.130232 3.35029 0 0 3.66 3.48091 
45000 0.178261 0.130276 3.30585 0 0 3.61425 3.43654 
45200 0.176933 0.13032 3.26141 0 0 3.5685 3.39216 
45400 0.175644 0.130363 3.2193 0 0 3.5251 3.34999 
45600 0.174381 0.130405 3.17874 0 0 3.48328 3.30929 
45800 0.173119 0.130447 3.13819 0 0 3.44145 3.26858 
46000 0.171856 0.130489 3.09763 0 0 3.39963 3.22788 
46200 0.170603 0.130531 3.05745 0 0 3.35821 3.18759 
46400 0.169402 0.130573 3.01941 0 0 3.31906 3.1497 
46600 0.168202 0.130615 2.98137 0 0 3.27992 3.11181 
46800 0.167001 0.130657 2.94333 0 0 3.24077 3.07391 
47000 0.165801 0.130698 2.90529 0 0 3.20162 3.03602 
47200 0.16464 0.130726 2.86916 0 0 3.1644 3.00003 
47400 0.1635 0.130747 2.83405 0 0 3.12821 2.96506 
47600 0.162361 0.130767 2.79894 0 0 3.09202 2.9301 
47800 0.161221 0.130788 2.76383 0 0 3.05582 2.89513 
48000 0.160084 0.130809 2.72886 0 0 3.01977 2.86029 
48200 0.158994 0.130849 2.6965 0 0 2.98627 2.82779 
48400 0.157905 0.130889 2.66413 0 0 2.95276 2.79528 
48600 0.156816 0.130929 2.63177 0 0 2.91926 2.76278 
48800 0.155726 0.130969 2.59941 0 0 2.88576 2.73028 
49000 0.154658 0.131002 2.56787 0 0 2.85312 2.69865 
49200 0.153631 0.131021 2.53787 0 0 2.82207 2.66864 
49400 0.152603 0.131041 2.50786 0 0 2.79103 2.63864 
49600 0.151576 0.131061 2.47785 0 0 2.75999 2.60863 
49800 0.150548 0.13108 2.44785 0 0 2.72895 2.57863 
50000 0.149522 0.131089 2.41781 0 0 2.69844 2.54859 
50200 0.148534 0.131111 2.38982 0 0 2.66951 2.52076 
50400 0.147547 0.131133 2.36184 0 0 2.64059 2.49292 
50600 0.146559 0.131154 2.33385 0 0 2.61166 2.46508 
50800 0.145572 0.131176 2.30586 0 0 2.58273 2.43725 
51000 0.144628 0.131196 2.27948 0 0 2.55541 2.41083 
51200 0.143704 0.131215 2.2538 0 0 2.52879 2.38501 
51400 0.142779 0.131234 2.22811 0 0 2.50216 2.35919 
51600 0.141855 0.131252 2.20242 0 0 2.47554 2.33337 
51800 0.14093 0.131271 2.17674 0 0 2.44891 2.30756 
52000 0.140034 0.131281 2.15218 0 0 2.42342 2.283 
52200 0.139151 0.131286 2.12811 0 0 2.39842 2.25898 
52400 0.138267 0.131292 2.10403 0 0 2.37341 2.23496 
52600 0.137383 0.131297 2.07996 0 0 2.34841 2.21094 
52800 0.1365 0.131303 2.05589 0 0 2.32341 2.18693 
53000 0.135644 0.131313 2.03312 0 0 2.29981 2.16418 
53200 0.134804 0.131326 2.01106 0 0 2.27697 2.14212 
53400 0.133964 0.131339 1.989 0 0 2.25414 2.12006 
53600 0.133124 0.131351 1.96694 0 0 2.2313 2.098 
53800 0.132284 0.131364 1.94488 0 0 2.20846 2.07594 
54000 0.13146 0.131373 1.92342 0 0 2.18617 2.05448 
54200 0.130657 0.131379 1.9027 0 0 2.16456 2.03376 
54400 0.129853 0.131384 1.88198 0 0 2.14294 2.01304 
54600 0.12905 0.131389 1.86125 0 0 2.12132 1.99231 
54800 0.128246 0.131395 1.84053 0 0 2.0997 1.97159 
55000 0.127448 0.131399 1.82011 0 0 2.07845 1.95119 
55200 0.126672 0.131399 1.80088 0 0 2.05864 1.93209 
55400 0.125896 0.131399 1.78165 0 0 2.03883 1.91298 
55600 0.12512 0.131399 1.76242 0 0 2.01902 1.89387 
55800 0.124343 0.131399 1.74319 0 0 1.99921 1.87477 
56000 0.123567 0.131399 1.72396 0 0 1.9794 1.85566 
56200 0.122842 0.131399 1.70609 0 0 1.96082 1.83781 
56400 0.122127 0.131399 1.68846 0 0 1.94246 1.82018 
56600 0.121411 0.131399 1.67084 0 0 1.9241 1.80255 
56800 0.120695 0.131399 1.65321 0 0 1.90574 1.78492 
57000 0.119979 0.131399 1.63558 0 0 1.88737 1.7673 
57200 0.119276 0.131399 1.61841 0 0 1.86945 1.75013 
57400 0.118597 0.131399 1.6021 0 0 1.85236 1.73382 
57600 0.117918 0.131399 1.5858 0 0 1.83526 1.71752 
57800 0.117238 0.131399 1.56949 0 0 1.81817 1.70121 
58000 0.116559 0.131399 1.55318 0 0 1.80107 1.6849 
58200 0.115879 0.131399 1.53688 0 0 1.78397 1.66859 
58400 0.115216 0.131399 1.52144 0 0 1.76785 1.65307 
58600 0.114558 0.131399 1.50629 0 0 1.75204 1.63781 
58800 0.113901 0.131399 1.49114 0 0 1.73623 1.62255 
59000 0.113243 0.131399 1.476 0 0 1.72043 1.60728 
59200 0.112585 0.131399 1.46085 0 0 1.70462 1.59202 
59400 0.111929 0.131399 1.44574 0 0 1.68886 1.57681 
59600 0.111294 0.131399 1.43132 0 0 1.67395 1.56261 
59800 0.11066 0.131399 1.41691 0 0 1.65904 1.54841 
60000 0.110025 0.131399 1.40249 0 0 1.64413 1.53421 
60200 0.109424 0.131399 1.38889 0 0 1.62961 1.52037 
60400 0.108823 0.131399 1.3753 0 0 1.61509 1.50654 
60600 0.108221 0.131395 1.36182 0 0 1.60079 1.49291 
60800 0.107617 0.131379 1.34872 0 0 1.58716 1.47992 
61000 0.107014 0.131363 1.33561 0 0 1.57353 1.46692 
61200 0.10641 0.131347 1.32251 0 0 1.5599 1.45393 
61400 0.105807 0.131331 1.3094 0 0 1.54627 1.44094 
61600 0.105203 0.131315 1.2963 0 0 1.53264 1.42794 
61800 0.104616 0.131305 1.28358 0 0 1.51936 1.41524 
62000 0.104058 0.131305 1.27157 0 0 1.50674 1.40308 
62200 0.103501 0.131305 1.25957 0 0 1.49411 1.39092 
62400 0.102943 0.131305 1.24756 0 0 1.48149 1.37876 
62600 0.102386 0.131305 1.23556 0 0 1.46886 1.3666 
62800 0.101828 0.131305 1.22356 0 0 1.45624 1.35444 
63000 0.101278 0.1313 1.21179 0 0 1.4439 1.34259 
63200 0.100745 0.131285 1.2006 0 0 1.43225 1.33144 
63400 0.100212 0.13127 1.1894 0 0 1.42059 1.32028 
63600 0.0996788 0.131255 1.1782 0 0 1.40893 1.30913 
63800 0.0991456 0.131239 1.167 0 0 1.39728 1.29798 
64000 0.0986125 0.131224 1.15581 0 0 1.38562 1.28683 
64200 0.0980837 0.131209 1.14473 0 0 1.37407 1.27579 
64400 0.0975793 0.131194 1.13436 0 0 1.3631 1.26542 
64600 0.097075 0.131179 1.12399 0 0 1.35212 1.25505 
64800 0.0965707 0.131164 1.11362 0 0 1.34115 1.24468 
65000 0.0960664 0.131149 1.10324 0 0 1.33018 1.2343 
65200 0.095562 0.131134 1.09287 0 0 1.3192 1.22393 
65400 0.0950577 0.131119 1.0825 0 0 1.30823 1.21356 
65600 0.0945735 0.131108 1.07282 0 0 1.29815 1.20384 
65800 0.0940916 0.131098 1.06322 0 0 1.28816 1.1942 
66000 0.0936097 0.131087 1.05362 0 0 1.27818 1.18455 
66200 0.0931277 0.131077 1.04402 0 0 1.2682 1.17491 
66400 0.0926458 0.131067 1.03442 0 0 1.25822 1.16526 
66600 0.0921639 0.131056 1.02482 0 0 1.24824 1.15562 
66800 0.0916941 0.131042 1.0156 0 0 1.23855 1.14637 
67000 0.0912365 0.131023 1.00677 0 0 1.22917 1.13752 
67200 0.090779 0.131005 0.997944 0 0 1.21979 1.12867 
67400 0.0903214 0.130986 0.989114 0 0 1.21041 1.11982 
67600 0.0898639 0.130967 0.980284 0 0 1.20103 1.11097 
67800 0.0894063 0.130949 0.971454 0 0 1.19165 1.10212 
68000 0.0889487 0.13093 0.962624 0 0 1.18227 1.09327 
68200 0.0885121 0.130916 0.954382 0 0 1.17365 1.08509 
68400 0.0880765 0.130902 0.946171 0 0 1.16508 1.07693 
68600 0.087641 0.130888 0.93796 0 0 1.1565 1.06878 
68800 0.0872054 0.130873 0.929749 0 0 1.14793 1.06063 
69000 0.0867698 0.130859 0.921538 0 0 1.13935 1.05248 
69200 0.0863343 0.130845 0.913327 0 0 1.13078 1.04433 
69400 0.0859045 0.130828 0.905293 0 0 1.12233 1.03632 
69600 0.0854882 0.130804 0.897673 0 0 1.11421 1.02865 
69800 0.0850719 0.130781 0.890052 0 0 1.10608 1.02098 
70000 0.0846556 0.130757 0.882432 0 0 1.09795 1.01331 
70200 0.0842393 0.130733 0.874811 0 0 1.08982 1.00564 
70400 0.083823 0.13071 0.867191 0 0 1.08169 0.997975 
70600 0.0834067 0.130686 0.85957 0 0 1.07356 0.990305 
70800 0.0830021 0.130666 0.852255 0 0 1.06583 0.982941 
71000 0.0826071 0.130648 0.845188 0 0 1.05843 0.975825 
71200 0.0822121 0.13063 0.838121 0 0 1.05102 0.968709 
71400 0.0818171 0.130613 0.831054 0 0 1.04361 0.961594 
71600 0.0814221 0.130595 0.823988 0 0 1.0362 0.954478 
71800 0.0810271 0.130577 0.816921 0 0 1.0288 0.947362 
72000 0.0806321 0.13056 0.809854 0 0 1.02139 0.940246 
72200 0.0802506 0.130539 0.803145 0 0 1.01428 0.933535 
72400 0.0798764 0.130516 0.796629 0 0 1.00733 0.927041 
72600 0.0795022 0.130493 0.790112 0 0 1.00037 0.920547 
72800 0.079128 0.130471 0.783596 0 0 0.993421 0.914053 
73000 0.0787538 0.130448 0.777079 0 0 0.986469 0.907559 
73200 0.0783796 0.130425 0.770562 0 0 0.979517 0.901065 
73400 0.0780054 0.130403 0.764046 0 0 0.972565 0.894571 
73600 0.0776431 0.130378 0.757832 0 0 0.965945 0.888339 
73800 0.0772889 0.130352 0.751819 0 0 0.959547 0.88228 
74000 0.0769346 0.130326 0.745806 0 0 0.953149 0.876222 
74200 0.0765803 0.1303 0.739793 0 0 0.946752 0.870163 
74400 0.0762261 0.130274 0.73378 0 0 0.940354 0.864105 
74600 0.0758718 0.130248 0.727768 0 0 0.933956 0.858046 
74800 0.0755175 0.130221 0.721755 0 0 0.927558 0.851988 
75000 0.0751689 0.130195 0.715908 0 0 0.921332 0.846104 
75200 0.0748289 0.13017 0.710311 0 0 0.915363 0.840481 
75400 0.0744889 0.130144 0.704714 0 0 0.909394 0.834858 
75600 0.0741489 0.130118 0.699117 0 0 0.903425 0.829235 
75800 0.0738088 0.130093 0.69352 0 0 0.897456 0.823612 
76000 0.0734688 0.130067 0.687922 0 0 0.891487 0.817989 
76200 0.0731288 0.130041 0.682325 0 0 0.885518 0.812366 
76400 0.0727908 0.130015 0.676773 0 0 0.879596 0.806789 
76600 0.0724711 0.12999 0.671629 0 0 0.874102 0.801619 
76800 0.0721515 0.129965 0.666484 0 0 0.868608 0.796449 
77000 0.0718318 0.12994 0.661339 0 0 0.863113 0.79128 
77200 0.0715121 0.129915 0.656195 0 0 0.857619 0.78611 
77400 0.0711924 0.12989 0.65105 0 0 0.852125 0.78094 
77600 0.0708727 0.129865 0.645905 0 0 0.846631 0.77577 
77800 0.070553 0.12984 0.64076 0 0 0.841137 0.7706 
78000 0.0702413 0.129815 0.635826 0 0 0.835865 0.765641 
78200 0.0699349 0.12979 0.631032 0 0 0.830743 0.760823 
78400 0.0696284 0.129766 0.626238 0 0 0.82562 0.756004 
78600 0.0693219 0.129741 0.621444 0 0 0.820497 0.751185 
78800 0.0690155 0.129716 0.61665 0 0 0.815374 0.746367 
79000 0.068709 0.129692 0.611857 0 0 0.810251 0.741548 
79200 0.0684026 0.129667 0.607063 0 0 0.805129 0.736729 
79400 0.0680961 0.129642 0.602269 0 0 0.800006 0.731911 
79600 0.0678005 0.129611 0.59775 0 0 0.795164 0.72736 
79800 0.0675049 0.129579 0.593231 0 0 0.790323 0.72281 
80000 0.0672093 0.129548 0.588712 0 0 0.785481 0.71826 
80200 0.0669207 0.129528 0.584329 0 0 0.78079 0.713857 
80400 0.0666321 0.129509 0.579946 0 0 0.776098 0.709454 
80600 0.0663435 0.129489 0.575563 0 0 0.771406 0.705051 
80800 0.0660549 0.129469 0.571179 0 0 0.766715 0.700648 
81000 0.0657696 0.129445 0.566876 0 0 0.762101 0.696321 
81200 0.0654939 0.12941 0.562811 0 0 0.757722 0.69222 
81400 0.0652182 0.129374 0.558745 0 0 0.753342 0.68812 
81600 0.0649425 0.129339 0.55468 0 0 0.748962 0.684019 
81800 0.0646668 0.129304 0.550615 0 0 0.744583 0.679918 
82000 0.0643911 0.129268 0.54655 0 0 0.740203 0.675818 
82200 0.0641154 0.129233 0.542484 0 0 0.735824 0.671717 
82400 0.0638397 0.129197 0.538419 0 0 0.731444 0.667616 
82600 0.0635678 0.129165 0.534432 0 0 0.72715 0.663597 
82800 0.0633048 0.129142 0.530626 0 0 0.723057 0.659768 
83000 0.0630419 0.129119 0.52682 0 0 0.718964 0.655938 
83200 0.0627789 0.129095 0.523014 0 0 0.714871 0.652109 
83400 0.062516 0.129072 0.519208 0 0 0.710778 0.64828 
83600 0.0622531 0.129049 0.515402 0 0 0.706685 0.644451 
83800 0.0619901 0.129025 0.511596 0 0 0.702592 0.640622 
84000 0.0617272 0.129002 0.507791 0 0 0.6985 0.636792 
84200 0.0614677 0.128976 0.504063 0 0 0.694486 0.633039 
84400 0.0612186 0.128942 0.500573 0 0 0.690711 0.629515 
84600 0.0609696 0.128908 0.497083 0 0 0.686936 0.62599 
84800 0.0607205 0.128873 0.493592 0 0 0.683161 0.622466 
85000 0.0604715 0.128839 0.490102 0 0 0.679386 0.618941 
85200 0.0602224 0.128805 0.486611 0 0 0.675611 0.615417 
85400 0.0599734 0.128771 0.483121 0 0 0.671835 0.611892 
85600 0.0597243 0.128737 0.479631 0 0 0.66806 0.608367 
85800 0.0594753 0.128703 0.47614 0 0 0.664285 0.604843 
86000 0.0592363 0.128669 0.472885 0 0 0.660758 0.601551 
86200 0.0589973 0.128635 0.46963 0 0 0.65723 0.598258 
86400 0.0587583 0.128601 0.466375 0 0 0.653703 0.594966 
86600 0.0585193 0.128568 0.46312 0 0 0.650176 0.591674 
86800 0.0582803 0.128534 0.459865 0 0 0.646648 0.588382 
87000 0.0580414 0.1285 0.45661 0 0 0.643121 0.58509 
87200 0.0578024 0.128466 0.453355 0 0 0.639594 0.581797 
87400 0.0575634 0.128433 0.4501 0 0 0.636066 0.578505 
87600 0.0573335 0.128399 0.447011 0 0 0.632716 0.575384 
87800 0.0571086 0.128366 0.444011 0 0 0.62946 0.572354 
88000 0.0568837 0.128333 0.441011 0 0 0.626204 0.569325 
88200 0.0566588 0.1283 0.438011 0 0 0.622948 0.566295 
88400 0.0564338 0.128267 0.435011 0 0 0.619692 0.563266 
88600 0.0562089 0.128234 0.432012 0 0 0.616436 0.560236 
88800 0.055984 0.128201 0.429012 0 0 0.61318 0.557207 
89000 0.055759 0.128169 0.426012 0 0 0.609925 0.554177 
89200 0.0555352 0.128136 0.423035 0 0 0.606693 0.551171 
89400 0.0553214 0.128103 0.420264 0 0 0.603679 0.548367 
89600 0.0551077 0.128071 0.417492 0 0 0.600665 0.545564 
89800 0.0548939 0.128039 0.414721 0 0 0.597651 0.54276 
90000 0.0546801 0.128007 0.41195 0 0 0.594637 0.539957 
90200 0.0544663 0.127975 0.409179 0 0 0.591623 0.537153 
90400 0.0542526 0.127942 0.406407 0 0 0.588609 0.53435 
90600 0.0540388 0.12791 0.403636 0 0 0.585595 0.531546 
90800 0.053825 0.127878 0.400865 0 0 0.582582 0.528743 
91000 0.0536147 0.127846 0.398166 0 0 0.579642 0.526012 
91200 0.0534109 0.127814 0.395603 0 0 0.57684 0.523418 
91400 0.053207 0.127783 0.39304 0 0 0.574039 0.520823 
91600 0.0530032 0.127751 0.390477 0 0 0.571237 0.518228 
91800 0.0527993 0.127719 0.387914 0 0 0.568435 0.515633 
92000 0.0525955 0.127688 0.385351 0 0 0.565634 0.513039 
92200 0.0523917 0.127656 0.382788 0 0 0.562832 0.510444 
92400 0.0521878 0.127624 0.380225 0 0 0.560031 0.507849 
92600 0.051984 0.127593 0.377662 0 0 0.557229 0.505255 
92800 0.0517846 0.12756 0.375183 0 0 0.554515 0.502743 
93000 0.0515907 0.127525 0.372807 0 0 0.551907 0.500332 
93200 0.0513967 0.127491 0.37043 0 0 0.549299 0.497922 
93400 0.0512028 0.127457 0.368054 0 0 0.546691 0.495511 
93600 0.0510089 0.127423 0.365678 0 0 0.544083 0.493101 
93800 0.050815 0.127388 0.363302 0 0 0.541476 0.49069 
94000 0.0506211 0.127354 0.360925 0 0 0.538868 0.48828 
94200 0.0504271 0.12732 0.358549 0 0 0.53626 0.485869 
94400 0.0502332 0.127286 0.356173 0 0 0.533652 0.483459 
94600 0.0500434 0.127253 0.353867 0 0 0.531124 0.48112 
94800 0.0498598 0.127222 0.351667 0 0 0.528715 0.47889 
95000 0.0496761 0.127192 0.349467 0 0 0.526306 0.476659 
95200 0.0494925 0.127162 0.347267 0 0 0.523896 0.474429 
95400 0.0493089 0.127131 0.345067 0 0 0.521487 0.472198 
95600 0.0491252 0.127101 0.342867 0 0 0.519078 0.469968 
95800 0.0489416 0.12707 0.340667 0 0 0.516669 0.467737 
96000 0.048758 0.12704 0.338467 0 0 0.51426 0.465507 
96200 0.0485743 0.127009 0.336267 0 0 0.511851 0.463277 
96400 0.048392 0.126977 0.334092 0 0 0.509465 0.461069 
96600 0.0482173 0.126937 0.332056 0 0 0.507213 0.458993 
96800 0.0480426 0.126897 0.33002 0 0 0.504961 0.456918 
97000 0.0478679 0.126857 0.327984 0 0 0.50271 0.454842 
97200 0.0476932 0.126817 0.325948 0 0 0.500458 0.452766 
97400 0.0475185 0.126777 0.323912 0 0 0.498206 0.45069 
97600 0.0473438 0.126737 0.321876 0 0 0.495954 0.448614 
97800 0.0471691 0.126697 0.319841 0 0 0.493702 0.446538 
98000 0.0469944 0.126657 0.317805 0 0 0.49145 0.444462 
98200 0.0468197 0.126617 0.315769 0 0 0.489199 0.442386 
98400 0.046651 0.126583 0.313844 0 0 0.48707 0.440427 
98600 0.0464844 0.126551 0.311956 0 0 0.484983 0.438508 
98800 0.0463177 0.126519 0.310069 0 0 0.482896 0.436588 
99000 0.0461511 0.126487 0.308181 0 0 0.480808 0.434668 
99200 0.0459844 0.126454 0.306294 0 0 0.478721 0.432748 
99400 0.0458178 0.126422 0.304406 0 0 0.476634 0.430828 
99600 0.0456512 0.12639 0.302518 0 0 0.474546 0.428909 
99800 0.0454845 0.126358 0.300631 0 0 0.472459 0.426989 
100000 0.0453179 0.126326 0.298743 0 0 0.470372 0.425069 
100200 0.0451807 0.126326 0.297184 0 0 0.46869 0.423481 
100400 0.0450183 0.126286 0.295393 0 0 0.466698 0.421654 
100600 0.0448559 0.126247 0.293602 0 0 0.464707 0.419826 
100800 0.0446936 0.126207 0.291811 0 0 0.462715 0.417998 
101000 0.0445312 0.126167 0.29002 0 0 0.460723 0.416171 
101200 0.0443688 0.126128 0.288229 0 0 0.458731 0.414343 
101400 0.0442064 0.126088 0.286438 0 0 0.45674 0.412516 
101600 0.044044 0.126049 0.284647 0 0 0.454748 0.410688 
101800 0.0438816 0.126009 0.282856 0 0 0.452756 0.408861 
102000 0.0437193 0.12597 0.281065 0 0 0.450764 0.407033 
102200 0.0435633 0.125931 0.279364 0 0 0.448872 0.405298 
102400 0.0434137 0.125893 0.277752 0 0 0.44708 0.403656 
102600 0.0432641 0.125856 0.276141 0 0 0.445287 0.402013 
102800 0.0431146 0.125818 0.27453 0 0 0.443494 0.400371 
103000 0.042965 0.125781 0.272919 0 0 0.441702 0.398729 
103200 0.0428154 0.125743 0.271307 0 0 0.439909 0.397087 
103400 0.0426659 0.125706 0.269696 0 0 0.438117 0.395444 
103600 0.0425163 0.125668 0.268085 0 0 0.436324 0.393802 
103800 0.0423667 0.12563 0.266474 0 0 0.434532 0.39216 
104000 0.0422171 0.125593 0.264862 0 0 0.432739 0.390518 
104200 0.0420734 0.125556 0.263337 0 0 0.431035 0.388959 
104400 0.0419354 0.12552 0.261897 0 0 0.42942 0.387483 
104600 0.0417974 0.125485 0.260458 0 0 0.427805 0.386008 
104800 0.0416595 0.125449 0.259018 0 0 0.42619 0.384532 
105000 0.0415215 0.125413 0.257578 0 0 0.424575 0.383057 
105200 0.0413835 0.125377 0.256139 0 0 0.42296 0.381582 
105400 0.0412455 0.125341 0.254699 0 0 0.421345 0.380106 
105600 0.0411076 0.125306 0.253259 0 0 0.41973 0.378631 
105800 0.0409696 0.12527 0.25182 0 0 0.418115 0.377155 
106000 0.0408316 0.125234 0.25038 0 0 0.4165 0.37568 
106200 0.0406937 0.125198 0.24894 0 0 0.414885 0.374204 
106400 0.0405538 0.125161 0.247513 0 0 0.413276 0.372739 
106600 0.0404139 0.125123 0.246086 0 0 0.411668 0.371275 
106800 0.040274 0.125085 0.244659 0 0 0.410059 0.36981 
107000 0.0401341 0.125048 0.243232 0 0 0.408451 0.368345 
107200 0.0399942 0.12501 0.241805 0 0 0.406843 0.366881 
107400 0.0398543 0.124973 0.240378 0 0 0.405234 0.365416 
107600 0.0397144 0.124935 0.23895 0 0 0.403626 0.363951 
107800 0.0395745 0.124898 0.237523 0 0 0.402017 0.362487 
108000 0.0394346 0.12486 0.236096 0 0 0.400409 0.361022 
108200 0.0392947 0.124822 0.234669 0 0 0.3988 0.359557 
108400 0.039171 0.124788 0.233445 0 0 0.397418 0.358299 
108600 0.0390472 0.124754 0.232221 0 0 0.396035 0.357041 
108800 0.0389235 0.12472 0.230997 0 0 0.394652 0.355783 
109000 0.0387997 0.124686 0.229773 0 0 0.393269 0.354525 
109200 0.0386759 0.124652 0.22855 0 0 0.391887 0.353267 
109400 0.0385522 0.124617 0.227326 0 0 0.390504 0.352009 
109600 0.0384284 0.124583 0.226102 0 0 0.389121 0.350751 
109800 0.0383047 0.124549 0.224878 0 0 0.387738 0.349493 
110000 0.0381809 0.124515 0.223654 0 0 0.386355 0.348235 
110200 0.0380571 0.124481 0.22243 0 0 0.384973 0.346977 
110400 0.0379334 0.124447 0.221206 0 0 0.38359 0.345719 
110600 0.0378085 0.124411 0.219998 0 0 0.382218 0.344466 
110800 0.0376836 0.124375 0.21879 0 0 0.380847 0.343213 
111000 0.0375587 0.124339 0.217582 0 0 0.379475 0.34196 
111200 0.0374337 0.124303 0.216374 0 0 0.378103 0.340708 
111400 0.0373088 0.124268 0.215166 0 0 0.376731 0.339455 
111600 0.0371839 0.124232 0.213958 0 0 0.37536 0.338202 
111800 0.037059 0.124196 0.212751 0 0 0.373988 0.33695 
112000 0.0369341 0.12416 0.211543 0 0 0.372616 0.335697 
112200 0.0368092 0.124125 0.210335 0 0 0.371245 0.334444 
112400 0.0366843 0.124089 0.209127 0 0 0.369873 0.333192 
112600 0.0365642 0.124052 0.207977 0 0 0.368568 0.332003 
112800 0.036449 0.124016 0.206887 0 0 0.36733 0.330878 
113000 0.0363338 0.123979 0.205796 0 0 0.366091 0.329753 
113200 0.0362186 0.123942 0.204705 0 0 0.364853 0.328628 
113400 0.0361034 0.123906 0.203615 0 0 0.363614 0.327504 
113600 0.0359881 0.123869 0.202524 0 0 0.362376 0.326379 
113800 0.0358729 0.123832 0.201433 0 0 0.361137 0.325254 
114000 0.0357577 0.123795 0.200343 0 0 0.359899 0.324129 
114200 0.0356425 0.123759 0.199252 0 0 0.358661 0.323004 
114400 0.0355273 0.123722 0.198161 0 0 0.357422 0.321879 
114600 0.0354121 0.123685 0.197071 0 0 0.356184 0.320755 
114800 0.0353011 0.12365 0.196036 0 0 0.355002 0.319684 
115000 0.0351944 0.123618 0.195058 0 0 0.353877 0.318668 
115200 0.0350877 0.123585 0.194081 0 0 0.352752 0.317651 
115400 0.034981 0.123552 0.193103 0 0 0.351627 0.316635 
115600 0.0348743 0.12352 0.192125 0 0 0.350502 0.315619 
115800 0.0347676 0.123487 0.191147 0 0 0.349377 0.314602 
116000 0.0346609 0.123454 0.190169 0 0 0.348252 0.313586 
116200 0.0345542 0.123422 0.189191 0 0 0.347127 0.31257 
116400 0.0344475 0.123389 0.188213 0 0 0.346002 0.311554 
116600 0.0343408 0.123356 0.187235 0 0 0.344877 0.310537 
116800 0.0342342 0.123324 0.186257 0 0 0.343752 0.309521 
117000 0.0341275 0.123291 0.185279 0 0 0.342627 0.308505 
117200 0.0340196 0.123248 0.18431 0 0 0.34152 0.307505 
117400 0.0339117 0.123206 0.183341 0 0 0.340412 0.306504 
117600 0.0338038 0.123163 0.182371 0 0 0.339304 0.305504 
117800 0.033696 0.12312 0.181402 0 0 0.338196 0.304504 
118000 0.0335881 0.123078 0.180432 0 0 0.337089 0.303504 
118200 0.0334802 0.123035 0.179463 0 0 0.335981 0.302504 
118400 0.0333724 0.122992 0.178494 0 0 0.334873 0.301504 
118600 0.0332645 0.122949 0.177524 0 0 0.333765 0.300504 
118800 0.0331566 0.122907 0.176555 0 0 0.332658 0.299503 
119000 0.0330487 0.122864 0.175585 0 0 0.33155 0.298503 
119200 0.0329409 0.122821 0.174616 0 0 0.330442 0.297503 
119400 0.0328451 0.12279 0.173785 0 0 0.329473 0.296628 
119600 0.0327494 0.122759 0.172955 0 0 0.328504 0.295752 
119800 0.0326536 0.122727 0.172124 0 0 0.327534 0.294877 
120000 0.0325579 0.122696 0.171293 0 0 0.326565 0.294002 
120200 0.0324621 0.122665 0.170463 0 0 0.325596 0.293127 
120400 0.0323664 0.122633 0.169632 0 0 0.324627 0.292251 
120600 0.0322706 0.122602 0.168801 0 0 0.323657 0.291376 
120800 0.0321749 0.122571 0.167971 0 0 0.322688 0.290501 
121000 0.0320791 0.122539 0.16714 0 0 0.321719 0.289625 
121200 0.0319834 0.122508 0.166309 0 0 0.32075 0.28875 
121400 0.0318876 0.122477 0.165479 0 0 0.31978 0.287875 
121600 0.0317919 0.122445 0.164648 0 0 0.318811 0.286999 
121800 0.0316992 0.122406 0.163856 0 0 0.317894 0.286181 
122000 0.0316066 0.122367 0.163063 0 0 0.316977 0.285363 
122200 0.031514 0.122328 0.162271 0 0 0.316061 0.284545 
122400 0.0314214 0.122289 0.161479 0 0 0.315144 0.283727 
122600 0.0313288 0.12225 0.160686 0 0 0.314227 0.282909 
122800 0.0312361 0.122211 0.159894 0 0 0.31331 0.282091 
123000 0.0311435 0.122171 0.159102 0 0 0.312394 0.281272 
123200 0.0310509 0.122132 0.158309 0 0 0.311477 0.280454 
123400 0.0309583 0.122093 0.157517 0 0 0.31056 0.279636 
123600 0.0308657 0.122054 0.156725 0 0 0.309643 0.278818 
123800 0.030773 0.122015 0.155932 0 0 0.308726 0.278 
124000 0.0306804 0.121976 0.15514 0 0 0.307809 0.277182 
124200 0.0305904 0.121937 0.1544 0 0 0.306944 0.276397 
124400 0.0305004 0.121897 0.15366 0 0 0.306079 0.275613 
124600 0.0304103 0.121858 0.152921 0 0 0.305214 0.274828 
124800 0.0303203 0.121819 0.152181 0 0 0.304349 0.274044 
125000 0.0302302 0.12178 0.151441 0 0 0.303484 0.273259 
125200 0.0301402 0.121741 0.150701 0 0 0.302619 0.272475 
125400 0.0300502 0.121702 0.149961 0 0 0.301754 0.27169 
125600 0.0299601 0.121663 0.149221 0 0 0.300888 0.270906 
125800 0.0298701 0.121623 0.148481 0 0 0.300023 0.270121 
126000 0.0297801 0.121584 0.147742 0 0 0.299158 0.269337 
126200 0.02969 0.121545 0.147002 0 0 0.298293 0.268552 
126400 0.0296 0.121506 0.146262 0 0 0.297428 0.267768 
126600 0.0295139 0.121472 0.145564 0 0 0.296602 0.267033 
126800 0.0294278 0.121439 0.144865 0 0 0.295776 0.266298 
127000 0.0293416 0.121405 0.144167 0 0 0.29495 0.265562 
127200 0.0292555 0.121371 0.143468 0 0 0.294124 0.264827 
127400 0.0291694 0.121338 0.14277 0 0 0.293298 0.264092 
127600 0.0290833 0.121304 0.142072 0 0 0.292472 0.263357 
127800 0.0289971 0.12127 0.141373 0 0 0.291646 0.262622 
128000 0.028911 0.121237 0.140675 0 0 0.29082 0.261887 
128200 0.0288249 0.121203 0.139977 0 0 0.289994 0.261151 
128400 0.0287388 0.121169 0.139278 0 0 0.289168 0.260416 
128600 0.0286527 0.121136 0.13858 0 0 0.288342 0.259681 
128800 0.0285665 0.121102 0.137881 0 0 0.287516 0.258946 
129000 0.0284892 0.121066 0.13727 0 0 0.286794 0.258303 
129200 0.0284119 0.12103 0.136659 0 0 0.286072 0.257661 
129400 0.0283346 0.120994 0.136047 0 0 0.28535 0.257019 
129600 0.0282572 0.120957 0.135436 0 0 0.284628 0.256376 
129800 0.0281799 0.120921 0.134825 0 0 0.283906 0.255734 
130000 0.0281026 0.120885 0.134213 0 0 0.283184 0.255091 
130200 0.0280252 0.120849 0.133602 0 0 0.282462 0.254449 
130400 0.0279479 0.120813 0.13299 0 0 0.28174 0.253806 
130600 0.0278706 0.120777 0.132379 0 0 0.281018 0.253164 
130800 0.0277933 0.120741 0.131768 0 0 0.280297 0.252521 
131000 0.0277159 0.120705 0.131156 0 0 0.279575 0.251879 
131200 0.0276386 0.120668 0.130545 0 0 0.278853 0.251236 
131400 0.0275613 0.120632 0.129933 0 0 0.278131 0.250594 
131600 0.0274833 0.120595 0.129337 0 0 0.277417 0.249958 
131800 0.0274054 0.120557 0.128741 0 0 0.276704 0.249322 
132000 0.0273274 0.120519 0.128145 0 0 0.275991 0.248686 
132200 0.0272495 0.120482 0.127549 0 0 0.275277 0.24805 
132400 0.0271716 0.120444 0.126953 0 0 0.274564 0.247414 
132600 0.0270936 0.120407 0.126357 0 0 0.273851 0.246779 
132800 0.0270157 0.120369 0.125761 0 0 0.273138 0.246143 
133000 0.0269377 0.120332 0.125165 0 0 0.272424 0.245507 
133200 0.0268598 0.120294 0.124569 0 0 0.271711 0.244871 
133400 0.0267819 0.120256 0.123973 0 0 0.270998 0.244235 
133600 0.0267039 0.120219 0.123377 0 0 0.270285 0.243599 
133800 0.026626 0.120181 0.122781 0 0 0.269571 0.242963 
134000 0.0265523 0.120145 0.122223 0 0 0.268903 0.242369 
134200 0.0264829 0.12011 0.121704 0 0 0.268279 0.241815 
134400 0.0264135 0.120075 0.121185 0 0 0.267656 0.241261 
134600 0.0263442 0.120041 0.120666 0 0 0.267032 0.240707 
134800 0.0262748 0.120006 0.120147 0 0 0.266409 0.240153 
135000 0.0262054 0.119971 0.119628 0 0 0.265785 0.239599 
135200 0.026136 0.119936 0.119108 0 0 0.265162 0.239045 
135400 0.0260666 0.119902 0.118589 0 0 0.264538 0.238491 
135600 0.0259972 0.119867 0.11807 0 0 0.263914 0.237937 
135800 0.0259279 0.119832 0.117551 0 0 0.263291 0.237383 
136000 0.0258585 0.119797 0.117032 0 0 0.262667 0.236829 
136200 0.0257891 0.119762 0.116513 0 0 0.262044 0.236275 
136400 0.0257197 0.119728 0.115994 0 0 0.26142 0.235721 
136600 0.0256503 0.119693 0.115474 0 0 0.260797 0.235167 
136800 0.0255809 0.119657 0.114966 0 0 0.26018 0.234618 
137000 0.0255116 0.11962 0.114458 0 0 0.259564 0.234069 
137200 0.0254422 0.119584 0.11395 0 0 0.258947 0.233519 
137400 0.0253728 0.119548 0.113442 0 0 0.258331 0.23297 
137600 0.0253034 0.119512 0.112934 0 0 0.257714 0.232421 
137800 0.025234 0.119476 0.112426 0 0 0.257098 0.231872 
138000 0.0251647 0.11944 0.111918 0 0 0.256482 0.231322 
138200 0.0250953 0.119404 0.11141 0 0 0.255865 0.230773 
138400 0.0250259 0.119368 0.110902 0 0 0.255249 0.230224 
138600 0.0249565 0.119331 0.110394 0 0 0.254632 0.229675 
138800 0.0248872 0.119295 0.109886 0 0 0.254016 0.229125 
139000 0.0248178 0.119259 0.109378 0 0 0.253399 0.228576 
139200 0.0247484 0.119223 0.10887 0 0 0.252783 0.228027 
139400 0.0246834 0.119183 0.108405 0 0 0.252217 0.227526 
139600 0.0246184 0.119144 0.107941 0 0 0.251651 0.227025 
139800 0.0245534 0.119104 0.107477 0 0 0.251085 0.226524 
140000 0.0244884 0.119064 0.107013 0 0 0.25052 0.226023 
140200 0.0244234 0.119025 0.106549 0 0 0.249954 0.225522 
140400 0.0243584 0.118985 0.106085 0 0 0.249388 0.22502 
140600 0.0242934 0.118945 0.10562 0 0 0.248822 0.224519 
140800 0.0242284 0.118906 0.105156 0 0 0.248256 0.224018 
141000 0.0241634 0.118866 0.104692 0 0 0.247691 0.223517 
141200 0.0240984 0.118826 0.104228 0 0 0.247125 0.223016 
141400 0.0240334 0.118787 0.103764 0 0 0.246559 0.222515 
141600 0.0239684 0.118747 0.103299 0 0 0.245993 0.222014 
141800 0.0239034 0.118707 0.102835 0 0 0.245428 0.221513 
142000 0.0238406 0.11867 0.102393 0 0 0.244889 0.221035 
142200 0.0237799 0.118634 0.101974 0 0 0.244377 0.220581 
142400 0.0237192 0.118599 0.101555 0 0 0.243865 0.220127 
142600 0.0236586 0.118563 0.101135 0 0 0.243353 0.219672 
142800 0.0235979 0.118527 0.100716 0 0 0.24284 0.219218 
143000 0.0235372 0.118492 0.100297 0 0 0.242328 0.218764 
143200 0.0234766 0.118456 0.0998774 0 0 0.241816 0.218309 
143400 0.0234159 0.118421 0.099458 0 0 0.241304 0.217855 
143600 0.0233552 0.118385 0.0990387 0 0 0.240792 0.217401 
143800 0.0232946 0.11835 0.0986193 0 0 0.24028 0.216946 
144000 0.0232339 0.118314 0.0981999 0 0 0.239768 0.216492 
144200 0.0231733 0.118278 0.0977806 0 0 0.239256 0.216038 
144400 0.0231126 0.118243 0.0973612 0 0 0.238744 0.215583 
144600 0.0230519 0.118207 0.0969419 0 0 0.238232 0.215129 
144800 0.0229925 0.118173 0.0965345 0 0 0.237729 0.214687 
145000 0.0229343 0.118139 0.0961392 0 0 0.237234 0.214258 
145200 0.0228761 0.118106 0.0957439 0 0 0.23674 0.213828 
145400 0.022818 0.118072 0.0953486 0 0 0.236245 0.213399 
145600 0.0227598 0.118039 0.0949532 0 0 0.235751 0.212969 
145800 0.0227016 0.118005 0.0945579 0 0 0.235256 0.21254 
146000 0.0226434 0.117971 0.0941626 0 0 0.234761 0.21211 
146200 0.0225852 0.117938 0.0937672 0 0 0.234267 0.211681 
146400 0.022527 0.117904 0.0933719 0 0 0.233772 0.211251 
146600 0.0224689 0.117871 0.0929766 0 0 0.233278 0.210822 
146800 0.0224107 0.117837 0.0925812 0 0 0.232783 0.210392 
147000 0.0223525 0.117804 0.0921859 0 0 0.232289 0.209963 
147200 0.0222943 0.11777 0.0917906 0 0 0.231794 0.209533 
147400 0.0222361 0.117737 0.0913953 0 0 0.231299 0.209104 
147600 0.0221801 0.117701 0.0910184 0 0 0.230829 0.208693 
147800 0.0221261 0.117663 0.09066 0 0 0.230382 0.208302 
148000 0.0220721 0.117626 0.0903017 0 0 0.229936 0.20791 
148200 0.0220182 0.117588 0.0899433 0 0 0.229489 0.207519 
148400 0.0219642 0.117551 0.089585 0 0 0.229043 0.207127 
148600 0.0219102 0.117513 0.0892266 0 0 0.228597 0.206735 
148800 0.0218563 0.117476 0.0888682 0 0 0.22815 0.206344 
149000 0.0218023 0.117438 0.0885099 0 0 0.227704 0.205952 
149200 0.0217483 0.1174 0.0881515 0 0 0.227257 0.205561 
149400 0.0216944 0.117363 0.0877931 0 0 0.226811 0.205169 
149600 0.0216404 0.117325 0.0874348 0 0 0.226364 0.204778 
149800 0.0215864 0.117288 0.0870764 0 0 0.225918 0.204386 
150000 0.0215325 0.11725 0.086718 0 0 0.225471 0.203994 
150200 0.0214747 0.117203 0.086338 0 0 0.22502 0.203557 
150400 0.0214169 0.117156 0.085958 0 0 0.224569 0.203121 
150600 0.0213659 0.117125 0.0856302 0 0 0.224154 0.202761 
150800 0.021315 0.117093 0.0853023 0 0 0.223738 0.202402 
151000 0.021264 0.117062 0.0849745 0 0 0.223322 0.202042 
151200 0.021213 0.117031 0.0846467 0 0 0.222906 0.201683 
151400 0.021162 0.116999 0.0843189 0 0 0.22249 0.201323 
151600 0.021111 0.116968 0.083991 0 0 0.222074 0.200964 
151800 0.02106 0.116937 0.0836632 0 0 0.221658 0.200604 
152000 0.021009 0.116906 0.0833354 0 0 0.221242 0.200245 
152200 0.0209581 0.116874 0.0830076 0 0 0.220827 0.199885 
152400 0.0209071 0.116843 0.0826797 0 0 0.220411 0.199525 
152600 0.0208561 0.116812 0.0823519 0 0 0.219995 0.199166 
152800 0.0208051 0.11678 0.0820241 0 0 0.219579 0.198806 
153000 0.0207541 0.116749 0.0816963 0 0 0.219163 0.198447 
153200 0.0207031 0.116718 0.0813684 0 0 0.218747 0.198087 
153400 0.0206522 0.116686 0.0810406 0 0 0.218331 0.197728 
153600 0.0206032 0.116649 0.0807313 0 0 0.217938 0.197381 
153800 0.0205543 0.116611 0.0804219 0 0 0.217546 0.197034 
154000 0.0205054 0.116574 0.0801126 0 0 0.217153 0.196687 
154200 0.0204565 0.116536 0.0798032 0 0 0.21676 0.19634 
154400 0.0204076 0.116498 0.0794939 0 0 0.216368 0.195993 
154600 0.0203587 0.116461 0.0791845 0 0 0.215975 0.195646 
154800 0.0203097 0.116423 0.0788752 0 0 0.215582 0.195299 
155000 0.0202608 0.116386 0.0785658 0 0 0.215189 0.194952 
155200 0.0202119 0.116348 0.0782565 0 0 0.214797 0.194605 
155400 0.020163 0.116311 0.0779471 0 0 0.214404 0.194258 
155600 0.0201141 0.116273 0.0776378 0 0 0.214011 0.193911 
155800 0.0200652 0.116235 0.0773285 0 0 0.213619 0.193564 
156000 0.0200162 0.116198 0.0770191 0 0 0.213226 0.193217 
156200 0.0199673 0.11616 0.0767098 0 0 0.212833 0.19287 
156400 0.0199184 0.116123 0.0764004 0 0 0.21244 0.192523 
156600 0.0198707 0.116085 0.0761092 0 0 0.212064 0.192197 
156800 0.0198231 0.116047 0.0758179 0 0 0.211688 0.19187 
157000 0.0197754 0.11601 0.0755267 0 0 0.211311 0.191544 
157200 0.0197278 0.115972 0.0752354 0 0 0.210935 0.191218 
157400 0.0196801 0.115935 0.0749442 0 0 0.210558 0.190891 
157600 0.0196324 0.115897 0.0746529 0 0 0.210182 0.190565 
157800 0.0195848 0.11586 0.0743617 0 0 0.209806 0.190239 
158000 0.0195371 0.115822 0.0740704 0 0 0.209429 0.189912 
158200 0.0194894 0.115784 0.0737792 0 0 0.209053 0.189586 
158400 0.0194418 0.115747 0.073488 0 0 0.208676 0.18926 
158600 0.0193941 0.115709 0.0731967 0 0 0.2083 0.188934 
158800 0.0193464 0.115672 0.0729055 0 0 0.207923 0.188607 
159000 0.0192988 0.115634 0.0726142 0 0 0.207547 0.188281 
159200 0.0192511 0.115596 0.072323 0 0 0.207171 0.187955 
159400 0.0192034 0.115559 0.0720317 0 0 0.206794 0.187628 
159600 0.0191593 0.115527 0.0717662 0 0 0.206452 0.187326 
159800 0.0191152 0.115495 0.0715006 0 0 0.20611 0.187025 
160000 0.0190711 0.115463 0.0712351 0 0 0.205769 0.186723 
160200 0.0190269 0.11543 0.0709695 0 0 0.205427 0.186421 
160400 0.0189828 0.115398 0.070704 0 0 0.205085 0.186119 
160600 0.0189387 0.115366 0.0704384 0 0 0.204743 0.185817 
160800 0.0188946 0.115334 0.0701729 0 0 0.204401 0.185515 
161000 0.0188504 0.115302 0.0699074 0 0 0.204059 0.185213 
161200 0.0188063 0.11527 0.0696418 0 0 0.203717 0.184912 
161400 0.0187622 0.115238 0.0693763 0 0 0.203376 0.18461 
161600 0.0187181 0.115206 0.0691107 0 0 0.203034 0.184308 
161800 0.0186739 0.115173 0.0688452 0 0 0.202692 0.184006 
162000 0.0186298 0.115141 0.0685796 0 0 0.20235 0.183704 
162200 0.0185857 0.115109 0.0683141 0 0 0.202008 0.183402 
162400 0.0185416 0.115077 0.0680485 0 0 0.201666 0.1831 
162600 0.0184988 0.115043 0.0677946 0 0 0.201336 0.182811 
162800 0.0184575 0.115008 0.0675523 0 0 0.201019 0.182535 
163000 0.0184161 0.114973 0.0673101 0 0 0.200701 0.182258 
163200 0.0183748 0.114938 0.0670678 0 0 0.200383 0.181982 
163400 0.0183335 0.114902 0.0668255 0 0 0.200066 0.181705 
163600 0.0182921 0.114867 0.0665833 0 0 0.199748 0.181428 
163800 0.0182508 0.114832 0.066341 0 0 0.19943 0.181152 
164000 0.0182095 0.114797 0.0660987 0 0 0.199113 0.180875 
164200 0.0181681 0.114762 0.0658564 0 0 0.198795 0.180599 
164400 0.0181268 0.114726 0.0656141 0 0 0.198477 0.180322 
164600 0.0180854 0.114691 0.0653719 0 0 0.19816 0.180046 
164800 0.0180441 0.114656 0.0651296 0 0 0.197842 0.179769 
165000 0.0180028 0.114621 0.0648873 0 0 0.197524 0.179492 
165200 0.0179614 0.114585 0.0646451 0 0 0.197207 0.179216 
165400 0.0179201 0.11455 0.0644028 0 0 0.196889 0.178939 
165600 0.0178787 0.114515 0.0641605 0 0 0.196571 0.178663 
165800 0.0178386 0.11448 0.0639285 0 0 0.196265 0.178397 
166000 0.0177996 0.114446 0.0637068 0 0 0.19597 0.178142 
166200 0.0177606 0.114412 0.0634851 0 0 0.195675 0.177887 
166400 0.0177216 0.114378 0.0632633 0 0 0.19538 0.177632 
166600 0.0176826 0.114344 0.0630416 0 0 0.195085 0.177377 
166800 0.0176436 0.114309 0.0628199 0 0 0.19479 0.177121 
167000 0.0176046 0.114275 0.0625982 0 0 0.194495 0.176866 
167200 0.0175656 0.114241 0.0623764 0 0 0.1942 0.176611 
167400 0.0175266 0.114207 0.0621547 0 0 0.193906 0.176356 
167600 0.0174875 0.114173 0.061933 0 0 0.193611 0.176101 
167800 0.0174485 0.114139 0.0617113 0 0 0.193316 0.175846 
168000 0.0174095 0.114104 0.0614896 0 0 0.193021 0.175591 
168200 0.0173705 0.11407 0.0612678 0 0 0.192726 0.175336 
168400 0.0173315 0.114036 0.0610461 0 0 0.192431 0.175081 
168600 0.0172925 0.114002 0.0608244 0 0 0.192136 0.174826 
168800 0.0172535 0.113968 0.0606027 0 0 0.191841 0.174571 
169000 0.0172145 0.113934 0.0603809 0 0 0.191546 0.174315 
169200 0.0171775 0.113899 0.0601721 0 0 0.191266 0.174073 
169400 0.0171404 0.113865 0.0599632 0 0 0.190987 0.173831 
169600 0.0171033 0.113831 0.0597544 0 0 0.190707 0.173589 
169800 0.0170662 0.113797 0.0595455 0 0 0.190428 0.173347 
170000 0.0170292 0.113763 0.0593367 0 0 0.190148 0.173105 
170200 0.0169921 0.113729 0.0591278 0 0 0.189868 0.172863 
170400 0.016955 0.113694 0.058919 0 0 0.189589 0.172622 
170600 0.016918 0.11366 0.0587101 0 0 0.189309 0.17238 
170800 0.0168809 0.113626 0.0585013 0 0 0.18903 0.172138 
171000 0.0168438 0.113592 0.0582924 0 0 0.18875 0.171896 
171200 0.0168068 0.113558 0.0580835 0 0 0.188471 0.171654 
171400 0.0167697 0.113524 0.0578747 0 0 0.188191 0.171412 
171600 0.0167326 0.113489 0.0576658 0 0 0.187911 0.17117 
171800 0.0166956 0.113455 0.057457 0 0 0.187632 0.170928 
172000 0.0166585 0.113421 0.0572481 0 0 0.187352 0.170686 
172200 0.0166214 0.113387 0.0570393 0 0 0.187073 0.170444 
172400 0.0165847 0.113353 0.0568365 0 0 0.1868 0.170207 
172600 0.0165484 0.113319 0.0566399 0 0 0.186533 0.169977 
172800 0.0165121 0.113284 0.0564433 0 0 0.186267 0.169746 
173000 0.0164758 0.11325 0.0562467 0 0 0.186 0.169515 
173200 0.0164394 0.113216 0.0560501 0 0 0.185734 0.169285 
173400 0.0164031 0.113182 0.0558535 0 0 0.185467 0.169054 
173600 0.0163668 0.113148 0.0556569 0 0 0.185201 0.168824 
173800 0.0163304 0.113114 0.0554603 0 0 0.184934 0.168593 
174000 0.0162941 0.113079 0.0552636 0 0 0.184668 0.168362 
174200 0.0162578 0.113045 0.055067 0 0 0.184401 0.168132 
174400 0.0162215 0.113011 0.0548704 0 0 0.184135 0.167901 
174600 0.0161851 0.112977 0.0546738 0 0 0.183868 0.167671 
174800 0.0161488 0.112943 0.0544772 0 0 0.183602 0.16744 
175000 0.0161125 0.112909 0.0542806 0 0 0.183336 0.167209 
175200 0.0160762 0.112875 0.054084 0 0 0.183069 0.166979 
175400 0.0160398 0.11284 0.0538873 0 0 0.182803 0.166748 
175600 0.0160035 0.112806 0.0536907 0 0 0.182536 0.166518 
175800 0.0159705 0.112774 0.0535163 0 0 0.182296 0.166309 
176000 0.0159375 0.112742 0.0533418 0 0 0.182055 0.166101 
176200 0.0159044 0.11271 0.0531673 0 0 0.181815 0.165893 
176400 0.0158714 0.112677 0.0529928 0 0 0.181574 0.165684 
176600 0.0158384 0.112645 0.0528183 0 0 0.181334 0.165476 
176800 0.0158054 0.112613 0.0526439 0 0 0.181093 0.165268 
177000 0.0157724 0.112581 0.0524694 0 0 0.180853 0.165059 
177200 0.0157394 0.112548 0.0522949 0 0 0.180612 0.164851 
177400 0.0157063 0.112516 0.0521204 0 0 0.180371 0.164643 
177600 0.0156733 0.112484 0.0519459 0 0 0.180131 0.164435 
177800 0.0156403 0.112452 0.0517715 0 0 0.17989 0.164226 
178000 0.0156073 0.11242 0.051597 0 0 0.17965 0.164018 
178200 0.0155743 0.112387 0.0514225 0 0 0.179409 0.16381 
178400 0.0155413 0.112355 0.051248 0 0 0.179169 0.163601 
178600 0.0155082 0.112323 0.0510736 0 0 0.178928 0.163393 
178800 0.0154752 0.112291 0.0508991 0 0 0.178688 0.163185 
179000 0.0154422 0.112259 0.0507246 0 0 0.178447 0.162976 
179200 0.0154099 0.112226 0.0505549 0 0 0.178213 0.162774 
179400 0.0153784 0.112194 0.05039 0 0 0.177985 0.162578 
179600 0.0153468 0.112162 0.0502252 0 0 0.177757 0.162382 
179800 0.0153152 0.11213 0.0500603 0 0 0.177529 0.162186 
180000 0.0152837 0.112098 0.0498954 0 0 0.1773 0.161991 
180200 0.0152521 0.112065 0.0497306 0 0 0.177072 0.161795 
180400 0.0152205 0.112033 0.0495657 0 0 0.176844 0.161599 
180600 0.015189 0.112001 0.0494008 0 0 0.176616 0.161403 
180800 0.0151574 0.111969 0.049236 0 0 0.176388 0.161207 
181000 0.0151258 0.111936 0.0490711 0 0 0.17616 0.161011 
181200 0.0150942 0.111904 0.0489062 0 0 0.175931 0.160815 
181400 0.0150627 0.111872 0.0487414 0 0 0.175703 0.160619 
181600 0.0150311 0.11184 0.0485765 0 0 0.175475 0.160423 
181800 0.0149995 0.111808 0.0484116 0 0 0.175247 0.160227 
182000 0.014968 0.111775 0.0482467 0 0 0.175019 0.160031 
182200 0.0149364 0.111743 0.0480819 0 0 0.174791 0.159835 
182400 0.0149048 0.111711 0.047917 0 0 0.174562 0.159639 
182600 0.0148733 0.111679 0.0477521 0 0 0.174334 0.159443 
182800 0.0148424 0.111647 0.047597 0 0 0.174113 0.159254 
183000 0.0148115 0.111614 0.0474419 0 0 0.173892 0.159065 
183200 0.0147807 0.111582 0.0472868 0 0 0.173671 0.158876 
183400 0.0147498 0.11155 0.0471317 0 0 0.17345 0.158687 
183600 0.0147189 0.111518 0.0469766 0 0 0.173228 0.158498 
183800 0.0146881 0.111485 0.0468215 0 0 0.173007 0.158309 
184000 0.0146572 0.111453 0.0466664 0 0 0.172786 0.15812 
184200 0.0146263 0.111421 0.0465113 0 0 0.172565 0.157931 
184400 0.0145955 0.111389 0.0463562 0 0 0.172344 0.157742 
184600 0.0145646 0.111357 0.0462012 0 0 0.172122 0.157553 
184800 0.0145337 0.111324 0.0460461 0 0 0.171901 0.157364 
185000 0.0145028 0.111292 0.045891 0 0 0.17168 0.157175 
185200 0.014472 0.11126 0.0457359 0 0 0.171459 0.156986 
185400 0.0144411 0.111228 0.0455808 0 0 0.171238 0.156797 
185600 0.0144102 0.111196 0.0454257 0 0 0.171016 0.156608 
185800 0.0143794 0.111163 0.0452706 0 0 0.170795 0.15642 
186000 0.0143485 0.111131 0.0451155 0 0 0.170574 0.156231 
186200 0.0143192 0.111099 0.0449689 0 0 0.170365 0.156052 
186400 0.0142915 0.111067 0.0448308 0 0 0.170168 0.155883 
186600 0.0142639 0.111035 0.0446927 0 0 0.169971 0.155715 
186800 0.0142362 0.111003 0.0445546 0 0 0.169774 0.155546 
187000 0.0142085 0.110971 0.0444165 0 0 0.169577 0.155377 
187200 0.0141808 0.110939 0.0442785 0 0 0.16938 0.155209 
187400 0.0141532 0.110907 0.0441404 0 0 0.169183 0.15504 
187600 0.0141255 0.110875 0.0440023 0 0 0.168986 0.154872 
187800 0.0140978 0.110843 0.0438642 0 0 0.168789 0.154703 
188000 0.0140701 0.110811 0.0437261 0 0 0.168592 0.154534 
188200 0.0140425 0.110779 0.0435881 0 0 0.168395 0.154366 
188400 0.0140148 0.110747 0.04345 0 0 0.168198 0.154197 
188600 0.0139871 0.110715 0.0433119 0 0 0.168 0.154029 
188800 0.0139594 0.110683 0.0431738 0 0 0.167803 0.15386 
189000 0.0139317 0.110651 0.0430357 0 0 0.167606 0.153691 
189200 0.0139041 0.110619 0.0428976 0 0 0.167409 0.153523 
189400 0.0138764 0.110587 0.0427596 0 0 0.167212 0.153354 
189600 0.0138487 0.110555 0.0426215 0 0 0.167015 0.153186 
189800 0.013821 0.110523 0.0424834 0 0 0.166818 0.153017 
190000 0.0137939 0.110493 0.0423532 0 0 0.166629 0.152853 
190200 0.0137667 0.110462 0.042223 0 0 0.16644 0.15269 
190400 0.0137395 0.110432 0.0420928 0 0 0.166251 0.152526 
190600 0.0137124 0.110401 0.0419626 0 0 0.166063 0.152363 
190800 0.0136852 0.110371 0.0418324 0 0 0.165874 0.152199 
191000 0.013658 0.11034 0.0417021 0 0 0.165685 0.152036 
191200 0.0136308 0.11031 0.0415719 0 0 0.165496 0.151872 
191400 0.0136037 0.110279 0.0414417 0 0 0.165307 0.151709 
191600 0.0135765 0.110249 0.0413115 0 0 0.165118 0.151545 
191800 0.0135493 0.110218 0.0411813 0 0 0.164929 0.151382 
192000 0.0135222 0.110188 0.0410511 0 0 0.16474 0.151218 
192200 0.013495 0.110158 0.0409209 0 0 0.164551 0.151055 
192400 0.0134678 0.110127 0.0407907 0 0 0.164362 0.150891 
192600 0.0134407 0.110097 0.0406605 0 0 0.164173 0.150728 
192800 0.0134135 0.110066 0.0405303 0 0 0.163984 0.150564 
193000 0.0133863 0.110036 0.0404 0 0 0.163796 0.150401 
193200 0.0133592 0.110005 0.0402698 0 0 0.163607 0.150237 
193400 0.013332 0.109975 0.0401396 0 0 0.163418 0.150073 
193600 0.0133057 0.109943 0.0400147 0 0 0.163236 0.149917 
193800 0.0132802 0.10991 0.0398949 0 0 0.16306 0.149768 
194000 0.0132547 0.109877 0.0397752 0 0 0.162884 0.149618 
194200 0.0132293 0.109844 0.0396555 0 0 0.162709 0.149469 
194400 0.0132038 0.10981 0.0395358 0 0 0.162533 0.14932 
194600 0.0131783 0.109777 0.0394161 0 0 0.162358 0.14917 
194800 0.0131529 0.109744 0.0392964 0 0 0.162182 0.149021 
195000 0.0131274 0.109711 0.0391767 0 0 0.162007 0.148872 
195200 0.0131019 0.109678 0.039057 0 0 0.161831 0.148722 
195400 0.0130765 0.109645 0.0389372 0 0 0.161656 0.148573 
195600 0.013051 0.109612 0.0388175 0 0 0.16148 0.148424 
195800 0.0130255 0.109578 0.0386978 0 0 0.161305 0.148274 
196000 0.0130001 0.109545 0.0385781 0 0 0.161129 0.148125 
196200 0.0129746 0.109512 0.0384584 0 0 0.160953 0.147976 
196400 0.0129492 0.109479 0.0383387 0 0 0.160778 0.147826 
196600 0.0129237 0.109446 0.038219 0 0 0.160602 0.147677 
196800 0.0128982 0.109413 0.0380993 0 0 0.160427 0.147528 
197000 0.0128728 0.10938 0.0379795 0 0 0.160251 0.147378 
197200 0.0128473 0.109347 0.0378598 0 0 0.160076 0.147229 
197400 0.0128224 0.109315 0.0377434 0 0 0.159902 0.147082 
197600 0.0127981 0.109285 0.0376303 0 0 0.159731 0.146936 
197800 0.0127738 0.109255 0.0375173 0 0 0.15956 0.146791 
198000 0.0127495 0.109225 0.0374042 0 0 0.159389 0.146645 
198200 0.0127253 0.109195 0.0372911 0 0 0.159218 0.1465 
198400 0.012701 0.109165 0.037178 0 0 0.159046 0.146354 
198600 0.0126767 0.109135 0.0370649 0 0 0.158875 0.146209 
198800 0.0126524 0.109106 0.0369518 0 0 0.158704 0.146064 
199000 0.0126281 0.109076 0.0368387 0 0 0.158533 0.145918 
199200 0.0126038 0.109046 0.0367256 0 0 0.158362 0.145773 
199400 0.0125795 0.109016 0.0366126 0 0 0.15819 0.145627 
199600 0.0125552 0.108986 0.0364995 0 0 0.158019 0.145482 
199800 0.012531 0.108956 0.0363864 0 0 0.157848 0.145336 
200000 0.0125067 0.108926 0.0362733 0 0 0.157677 0.145191 
