1000 6.5544 0.00850215 6348.55 0 0 6354.64 6348.55 
1200 6.39701 0.0108816 4608.56 0 0 4615.03 4608.57 
1400 6.24189 0.0132672 3529.97 0 0 3536.36 3529.97 
1600 6.08214 0.015652 2594.49 0 0 2600.52 2594.49 
1800 5.92285 0.017988 2158.61 0 0 2164.5 2158.61 
2000 5.76458 0.0203077 1773.37 0 0 1779.19 1773.38 
2200 5.60904 0.0226156 1439.52 0 0 1445.26 1439.52 
2400 5.45647 0.0249029 1524.22 0 0 1529.72 1524.29 
2600 5.30846 0.02716 1317.5 0 0 1322.87 1317.51 
2800 5.16201 0.0293893 1106.28 0 0 1111.51 1106.35 
3000 5.01997 0.0315793 934.267 0 0 939.275 934.279 
3200 4.88191 0.0337209 793.612 0 0 798.477 793.624 
3400 4.75005 0.0358185 680.766 0 0 685.617 680.794 
3600 4.62076 0.0378669 589.064 0 0 593.672 589.085 
3800 4.49766 0.0398462 513.698 0 0 518.293 513.719 
4000 4.37714 0.0417903 451.148 0 0 455.713 451.169 
4200 4.26164 0.0436716 397.944 0 0 402.22 397.965 
4400 4.14861 0.0455002 352.872 0 0 357.063 352.92 
4600 4.0396 0.0472739 314.492 0 0 318.574 314.545 
4800 3.93683 0.0489892 281.769 0 0 285.749 281.822 
5000 3.83619 0.0506493 253.553 0 0 257.435 253.606 
5200 3.73986 0.0522496 228.855 0 0 232.655 228.91 
5400 3.64852 0.0538013 207.264 0 0 210.984 207.339 
5600 3.55903 0.055288 357.569 0 0 361.369 357.607 
5800 3.47473 0.0567306 327.829 0 0 331.229 327.893 
6000 3.39029 0.0581301 381.511 0 0 385.039 381.553 
6200 3.31042 0.0594766 350.524 0 0 353.824 350.558 
6400 3.2343 0.0607854 361.929 0 0 365.204 361.971 
6600 3.15989 0.0620358 334.752 0 0 337.883 334.79 
6800 3.08808 0.063252 309.908 0 0 313.12 309.941 
7000 3.01859 0.0644264 287.94 0 0 291.014 287.981 
7200 2.95096 0.0655797 267.818 0 0 270.786 267.862 
7400 2.88592 0.0666726 249.817 0 0 252.76 249.871 
7600 2.82268 0.0677555 233.229 0 0 236.126 233.315 
7800 2.76164 0.0687794 218.302 0 0 221.133 218.37 
8000 2.7021 0.0698016 204.55 0 0 207.323 204.617 
8200 2.64483 0.0707902 191.656 0 0 194.375 191.736 
8400 2.58904 0.0717514 179.717 0 0 182.385 179.787 
8600 2.5351 0.0726845 168.854 0 0 171.461 168.924 
8800 2.48291 0.0735885 158.871 0 0 161.43 158.948 
9000 2.4321 0.0744755 149.676 0 0 152.177 149.757 
9200 2.38307 0.0753506 141.195 0 0 143.647 141.265 
9400 2.33542 0.0761854 133.354 0 0 135.749 133.423 
9600 2.28904 0.0770229 126.071 0 0 128.42 126.142 
9800 2.24405 0.0778269 119.329 0 0 121.667 119.421 
10000 2.2006 0.0786192 125.102 0 0 127.39 125.172 
10200 2.1592 0.0793795 118.746 0 0 120.971 118.815 
10400 2.11641 0.080166 112.42 0 0 114.636 112.514 
10600 2.07754 0.0808915 106.956 0 0 109.134 107.051 
10800 2.03941 0.0815981 101.785 0 0 103.907 101.858 
11000 2.00121 0.0823234 96.8485 0 0 98.9372 96.9388 
11200 1.96384 0.0830315 97.5722 0 0 99.6093 97.6484 
11400 1.9283 0.0837174 93.0969 0 0 95.1171 93.1882 
11600 1.89439 0.0843852 89.0005 0 0 90.9826 89.084 
11800 1.86009 0.0850463 87.7046 0 0 89.6466 87.7807 
12000 1.82725 0.0856865 83.8568 0 0 85.7697 83.9416 
12200 1.79572 0.0863181 80.2757 0 0 82.1545 80.368 
12400 1.76397 0.0869567 76.7939 0 0 78.6291 76.8709 
12600 1.73492 0.0875463 73.6809 0 0 75.5079 73.7572 
12800 1.7048 0.0881517 70.608 0 0 72.3912 70.6831 
13000 1.67594 0.0887482 67.7145 0 0 69.4767 67.8024 
13200 1.64823 0.0893259 65.0147 0 0 66.7599 65.1131 
13400 1.62131 0.0898858 62.4781 0 0 64.1974 62.5766 
13600 1.59481 0.0904421 60.0439 0 0 61.7381 60.1426 
13800 1.5694 0.0909815 57.7955 0 0 59.4524 57.8943 
14000 1.54442 0.0915082 55.6287 0 0 57.2605 55.7281 
14200 1.51987 0.0920247 53.5403 0 0 55.1572 53.6381 
14400 1.49638 0.092538 51.619 0 0 53.1979 51.7001 
14600 1.47312 0.0930498 49.7536 0 0 51.3181 49.8432 
14800 1.45031 0.0935541 47.9593 0 0 49.5112 48.06 
15000 1.42818 0.0940452 46.2624 0 0 47.7902 46.3631 
15200 1.40681 0.0945289 44.6462 0 0 46.141 44.7342 
15400 1.38572 0.0950039 43.0726 0 0 44.5433 43.159 
15600 1.36522 0.0954606 41.5651 0 0 43.0272 41.6655 
15800 1.34567 0.0959177 40.1783 0 0 41.6225 40.2795 
16000 1.32628 0.0963708 38.8282 0 0 40.2532 38.9298 
16200 1.30706 0.0968179 37.5236 0 0 38.9284 37.6259 
16400 1.28808 0.0972607 36.283 0 0 37.667 36.3737 
16600 1.26959 0.0976951 35.0898 0 0 36.4532 35.1746 
16800 1.25217 0.0981117 33.9805 0 0 35.3243 34.0786 
17000 1.23502 0.098518 32.9141 0 0 34.2399 33.0088 
17200 1.218 0.0989188 31.8709 0 0 33.1794 31.9532 
17400 1.20117 0.0993228 30.8739 0 0 32.1727 30.9663 
17600 1.18475 0.0997205 29.915 0 0 31.2016 30.014 
17800 1.16906 0.100106 29.0269 0 0 30.2962 29.126 
18000 1.15353 0.100483 28.1657 0 0 29.4182 28.2649 
18200 1.13828 0.100856 40.2896 0 0 41.525 40.3844 
18400 1.12317 0.101228 39.1323 0 0 40.3556 39.2282 
18600 1.1082 0.101598 37.9948 0 0 39.2071 38.092 
18800 1.09416 0.101952 36.9628 0 0 38.1574 37.0616 
19000 1.08019 0.1023 35.9421 0 0 37.1205 36.0438 
19200 1.06637 0.102635 34.9549 0 0 36.1221 35.0638 
19400 1.05264 0.102973 33.9907 0 0 35.1469 34.101 
19600 1.03901 0.103316 33.0613 0 0 34.2063 33.1641 
19800 1.0259 0.103646 32.1762 0 0 33.306 32.2749 
20000 1.01321 0.103966 31.3273 0 0 32.4386 31.4248 
20200 1.00069 0.104278 30.5123 0 0 31.6154 30.612 
20400 0.988184 0.10459 29.7054 0 0 30.7982 29.8051 
20600 0.976043 0.104894 28.9347 0 0 30.0168 29.0369 
20800 0.964099 0.105193 28.1837 0 0 29.2546 28.2894 
21000 0.95245 0.105488 27.4696 0 0 28.5291 27.577 
21200 0.940961 0.105782 26.7754 0 0 27.8233 26.8834 
21400 0.929785 0.10607 26.1118 0 0 27.149 26.2192 
21600 0.918817 0.106355 25.4684 0 0 26.4956 25.5746 
21800 0.907922 0.106632 24.841 0 0 25.857 24.9472 
22000 0.8971 0.106902 24.2294 0 0 25.233 24.337 
22200 0.88645 0.107173 23.6353 0 0 24.628 23.7436 
22400 0.876058 0.107445 23.0675 0 0 24.0514 23.1755 
22600 0.865756 0.107711 22.5098 0 0 23.4847 22.618 
22800 0.855727 0.107959 21.9824 0 0 22.9478 22.0919 
23000 0.845719 0.108207 21.4571 0 0 22.4129 21.5677 
23200 0.836108 0.10846 20.9687 0 0 21.9147 21.0785 
23400 0.826496 0.108714 20.4804 0 0 21.4165 20.5893 
23600 0.817259 0.108946 20.0187 0 0 20.9459 20.1285 
23800 0.808116 0.109173 19.5636 0 0 20.4822 19.6749 
24000 0.799153 0.109402 19.1248 0 0 20.035 19.2366 
24200 0.79037 0.109634 18.7021 0 0 19.6043 18.8134 
24400 0.781626 0.109865 18.2841 0 0 19.178 18.3949 
24600 0.773099 0.110085 17.8926 0 0 18.7766 18.0023 
24800 0.764573 0.110306 17.5012 0 0 18.3752 17.6098 
25000 0.756269 0.110519 17.1227 0 0 17.9879 17.2317 
25200 0.748039 0.110728 16.7486 0 0 17.6054 16.8586 
25400 0.739942 0.110934 16.3865 0 0 17.2354 16.4971 
25600 0.732093 0.111135 16.0465 0 0 16.8888 16.1572 
25800 0.724243 0.111335 15.7065 0 0 16.5421 15.8174 
26000 0.71652 0.111532 15.3816 0 0 16.2097 15.4925 
26200 0.708819 0.111728 15.0594 0 0 15.8798 15.1703 
26400 0.701295 0.111922 14.7468 0 0 15.5597 14.8578 
26600 0.694099 0.112114 14.4523 0 0 15.2579 14.5634 
26800 0.686904 0.112305 14.1578 0 0 14.9561 14.269 
27000 0.679812 0.112486 13.874 0 0 14.666 13.986 
27200 0.672753 0.112663 13.5939 0 0 14.3799 13.7067 
27400 0.665753 0.112839 13.3175 0 0 14.0973 13.4309 
27600 0.659081 0.113009 13.0619 0 0 13.835 13.1752 
27800 0.65241 0.113179 12.8062 0 0 13.5727 12.9195 
28000 0.645796 0.11335 12.5565 0 0 13.3163 12.67 
28200 0.639252 0.113525 12.3139 0 0 13.0673 12.4279 
28400 0.632708 0.113699 12.0714 0 0 12.8182 12.1859 
28600 0.626484 0.11386 11.8442 0 0 12.585 11.9589 
28800 0.620365 0.114017 11.6223 0 0 12.3571 11.737 
29000 0.614247 0.114174 11.4003 0 0 12.1292 11.515 
29200 0.608276 0.114323 11.193 0 0 11.916 11.3078 
29400 0.602314 0.11447 10.9865 0 0 11.7037 11.1013 
29600 0.596371 0.114618 10.7809 0 0 11.4922 10.8957 
29800 0.590602 0.114769 10.5834 0 0 11.2886 10.6982 
30000 0.584832 0.11492 10.3858 0 0 11.085 10.5006 
30200 0.57912 0.11506 10.1936 0 0 10.8876 10.3085 
30400 0.573649 0.115197 10.012 0 0 10.7008 10.1277 
30600 0.568177 0.115333 9.83043 0 0 10.5141 9.94683 
30800 0.562767 0.11547 9.65256 0 0 10.331 9.76949 
31000 0.557502 0.115607 9.48335 0 0 10.1567 9.60038 
31200 0.552237 0.115745 9.31414 0 0 9.98232 9.43127 
31400 0.547073 0.115879 9.14916 0 0 9.81227 9.26637 
31600 0.542147 0.116005 8.99409 0 0 9.65224 9.11131 
31800 0.537221 0.116131 8.839 0 0 9.49219 8.95623 
32000 0.532302 0.116257 8.68557 0 0 9.3338 8.80266 
32200 0.527411 0.116382 8.53872 0 0 9.18199 8.65506 
32400 0.52252 0.116507 8.39187 0 0 9.03019 8.50746 
32600 0.517661 0.11663 8.24613 0 0 8.87957 8.36111 
32800 0.513089 0.11674 8.11037 0 0 8.73965 8.22609 
33000 0.508518 0.11685 7.97461 0 0 8.59974 8.09108 
33200 0.503946 0.11696 7.83885 0 0 8.45983 7.95606 
33400 0.49952 0.117072 7.71188 0 0 8.32834 7.82916 
33600 0.495111 0.117184 7.58589 0 0 8.19779 7.70317 
33800 0.490702 0.117296 7.45989 0 0 8.06723 7.57718 
34000 0.486441 0.117403 7.33902 0 0 7.94215 7.45631 
34200 0.48226 0.117506 7.2209 0 0 7.82001 7.33819 
34400 0.478079 0.117609 7.10278 0 0 7.69786 7.22008 
34600 0.473952 0.117711 6.98809 0 0 7.57933 7.10539 
34800 0.469926 0.117809 6.87976 0 0 7.4675 6.99706 
35000 0.4659 0.117908 6.77143 0 0 7.35567 6.88874 
35200 0.461873 0.118007 6.6631 0 0 7.24384 6.78041 
35400 0.457993 0.118103 6.55981 0 0 7.13675 6.67743 
35600 0.45412 0.118198 6.45678 0 0 7.0299 6.57473 
35800 0.450248 0.118294 6.35376 0 0 6.92305 6.47203 
36000 0.446515 0.118384 6.25605 0 0 6.82165 6.3745 
36200 0.442896 0.11847 6.16268 0 0 6.7247 6.28122 
36400 0.439277 0.118555 6.06932 0 0 6.62775 6.18793 
36600 0.435658 0.118641 5.97595 0 0 6.53081 6.09464 
36800 0.432064 0.118723 5.88766 0 0 6.43859 6.00604 
37000 0.42847 0.118806 5.79937 0 0 6.34637 5.91744 
37200 0.424877 0.118889 5.71108 0 0 6.25415 5.82883 
37400 0.421417 0.118971 5.62564 0 0 6.16523 5.74361 
37600 0.418121 0.119052 5.54368 0 0 6.08036 5.66252 
37800 0.414826 0.119134 5.46173 0 0 5.99549 5.58143 
38000 0.41153 0.119216 5.37977 0 0 5.91062 5.50034 
38200 0.408325 0.119286 5.30328 0 0 5.83108 5.42358 
38400 0.405144 0.119354 5.22816 0 0 5.75287 5.34791 
38600 0.401962 0.119421 5.15305 0 0 5.67466 5.27223 
38800 0.398774 0.11949 5.07794 0 0 5.5964 5.19676 
39000 0.395584 0.119572 15.6697 0 0 16.1845 15.7904 
39200 0.392518 0.119644 15.4553 0 0 15.9676 15.576 
39400 0.389451 0.119717 15.2409 0 0 15.7507 15.3616 
39600 0.386436 0.119786 15.0306 0 0 15.5378 15.1514 
39800 0.383543 0.119847 14.8299 0 0 15.3342 14.9507 
40000 0.380649 0.119909 14.6291 0 0 15.1307 14.7501 
40200 0.377857 0.119962 14.4357 0 0 14.9336 14.556 
40400 0.375065 0.120021 14.246 0 0 14.7407 14.366 
40600 0.372276 0.120088 14.0619 0 0 14.5542 14.1821 
40800 0.369487 0.120156 13.8778 0 0 14.3677 13.9982 
41000 0.366698 0.120223 13.6937 0 0 14.1812 13.8143 
41200 0.363956 0.120284 13.5152 0 0 13.9999 13.6359 
41400 0.361271 0.120336 13.3436 0 0 13.8251 13.4642 
41600 0.358585 0.120389 13.1719 0 0 13.6503 13.2926 
41800 0.3559 0.120442 13.0003 0 0 13.4755 13.1209 
42000 0.353279 0.120495 12.8346 0 0 13.3071 12.9553 
42200 0.350735 0.12055 12.6763 0 0 13.1465 12.797 
42400 0.348192 0.120604 12.518 0 0 12.9859 12.6388 
42600 0.345649 0.120659 12.3597 0 0 12.8253 12.4805 
42800 0.343142 0.12071 12.205 0 0 12.6683 12.3259 
43000 0.340705 0.120754 12.057 0 0 12.5179 12.1779 
43200 0.338268 0.120798 11.909 0 0 12.3675 12.03 
43400 0.335831 0.120842 11.7611 0 0 12.2171 11.8821 
43600 0.333424 0.120888 11.6155 0 0 12.0693 11.7366 
43800 0.331136 0.120938 11.4798 0 0 11.9316 11.6008 
44000 0.328848 0.120988 11.3441 0 0 11.7939 11.465 
44200 0.32656 0.121038 11.2083 0 0 11.6562 11.3292 
44400 0.324271 0.121088 11.0726 0 0 11.5185 11.1934 
44600 0.322049 0.121125 10.9435 0 0 11.3871 11.0643 
44800 0.319833 0.12116 10.8152 0 0 11.2564 10.936 
45000 0.317618 0.121196 10.6868 0 0 11.1256 10.8076 
45200 0.315402 0.121231 10.5585 0 0 10.9949 10.6793 
45400 0.31326 0.121268 10.4363 0 0 10.8705 10.5571 
45600 0.311167 0.121306 10.3183 0 0 10.7504 10.4391 
45800 0.309074 0.121343 10.2003 0 0 10.6303 10.321 
46000 0.306981 0.121381 10.0823 0 0 10.5102 10.203 
46200 0.304899 0.121419 9.96533 0 0 10.3913 10.0861 
46400 0.302881 0.121457 9.85451 0 0 10.2789 9.97574 
46600 0.300862 0.121496 9.74369 0 0 10.1666 9.86537 
46800 0.298844 0.121534 9.63288 0 0 10.0543 9.755 
47000 0.296825 0.121572 9.52206 0 0 9.94192 9.64463 
47200 0.294873 0.121606 9.41645 0 0 9.83417 9.53887 
47400 0.292958 0.121636 9.31364 0 0 9.7289 9.43559 
47600 0.291042 0.121667 9.21083 0 0 9.62362 9.3323 
47800 0.289126 0.121698 9.10802 0 0 9.51834 9.22902 
48000 0.287214 0.121728 9.00554 0 0 9.41344 9.1261 
48200 0.285386 0.121755 8.90942 0 0 9.31568 9.03002 
48400 0.283559 0.121781 8.81329 0 0 9.21792 8.93393 
48600 0.281731 0.121808 8.71716 0 0 9.12015 8.83785 
48800 0.279903 0.121835 8.62103 0 0 9.02239 8.74177 
49000 0.278105 0.12186 8.5271 0 0 8.9269 8.64803 
49200 0.276363 0.121884 8.43727 0 0 8.83565 8.55865 
49400 0.274621 0.121907 8.34744 0 0 8.7444 8.46928 
49600 0.272879 0.121931 8.25761 0 0 8.65315 8.3799 
49800 0.271137 0.121954 8.16778 0 0 8.5619 8.29052 
50000 0.269403 0.12198 8.0792 0 0 8.4702 8.20225 
50200 0.267736 0.122004 7.99494 0 0 8.38442 8.11798 
50400 0.266068 0.122028 7.91068 0 0 8.29864 8.03371 
50600 0.264401 0.122052 7.82643 0 0 8.21285 7.94943 
50800 0.262734 0.122076 7.74217 0 0 8.12707 7.86516 
51000 0.261126 0.122095 7.662 0 0 8.04548 7.78499 
51200 0.259544 0.122112 7.58358 0 0 7.96569 7.70658 
51400 0.257962 0.122128 7.50516 0 0 7.8859 7.62818 
51600 0.256379 0.122145 7.42675 0 0 7.80611 7.54977 
51800 0.254797 0.122161 7.34833 0 0 7.72632 7.47136 
52000 0.253256 0.122178 7.27327 0 0 7.64966 7.3963 
52200 0.251734 0.122194 7.19966 0 0 7.57433 7.32267 
52400 0.250211 0.12221 7.12605 0 0 7.49901 7.24904 
52600 0.248688 0.122227 7.05243 0 0 7.42368 7.17541 
52800 0.247165 0.122243 6.97882 0 0 7.34836 7.10179 
53000 0.245698 0.122259 6.9086 0 0 7.27667 7.03155 
53200 0.244262 0.122274 6.8402 0 0 7.20693 6.96314 
53400 0.242825 0.122289 6.7718 0 0 7.13719 6.89473 
53600 0.241388 0.122305 6.70341 0 0 7.06746 6.82632 
53800 0.239951 0.12232 6.63501 0 0 6.99772 6.75791 
54000 0.238536 0.122332 6.56842 0 0 6.92982 6.6913 
54200 0.237148 0.122339 6.50403 0 0 6.86419 6.6269 
54400 0.235759 0.122347 6.43965 0 0 6.79855 6.5625 
54600 0.234371 0.122355 6.37527 0 0 6.73292 6.49811 
54800 0.232983 0.122362 6.31089 0 0 6.66728 6.43371 
55000 0.231607 0.12237 6.24741 0 0 6.60248 6.37015 
55200 0.230281 0.12238 6.18759 0 0 6.54098 6.30992 
55400 0.228955 0.122389 6.12776 0 0 6.47949 6.24969 
55600 0.22763 0.122399 6.06793 0 0 6.41799 6.18946 
55800 0.226304 0.122408 6.0081 0 0 6.35649 6.12923 
56000 0.224978 0.122418 5.94828 0 0 6.295 6.069 
56200 0.22372 0.122424 5.89187 0 0 6.23735 6.01286 
56400 0.222474 0.12243 5.83607 0 0 6.18038 5.95744 
56600 0.221228 0.122436 5.78027 0 0 6.1234 5.90202 
56800 0.219982 0.122442 5.72448 0 0 6.06643 5.8466 
57000 0.218736 0.122448 5.66868 0 0 6.00946 5.79119 
57200 0.217506 0.122453 5.61431 0 0 5.95393 5.73707 
57400 0.216307 0.122458 5.56261 0 0 5.90108 5.68536 
57600 0.215109 0.122463 5.5109 0 0 5.84824 5.63366 
57800 0.21391 0.122469 5.4592 0 0 5.7954 5.58195 
58000 0.212711 0.122474 5.40749 0 0 5.74255 5.53025 
58200 0.211512 0.122479 5.35579 0 0 5.68971 5.47854 
58400 0.210356 0.12248 5.30648 0 0 5.63929 5.42924 
58600 0.209215 0.12248 5.25799 0 0 5.58969 5.38073 
58800 0.208073 0.12248 5.20949 0 0 5.54008 5.33222 
59000 0.206931 0.122481 5.16099 0 0 5.49048 5.28372 
59200 0.20579 0.122481 5.11249 0 0 5.44088 5.23521 
59400 0.204649 0.122481 5.06411 0 0 5.39139 5.18682 
59600 0.203531 0.122484 5.01797 0 0 5.34414 5.14067 
59800 0.202412 0.122488 4.97184 0 0 5.29689 5.09452 
60000 0.201294 0.122491 4.9257 0 0 5.24964 5.04837 
60200 0.200223 0.122486 4.88182 0 0 5.2047 5.00447 
60400 0.199153 0.122481 4.83793 0 0 5.15975 4.96057 
60600 0.198089 0.122477 4.79448 0 0 5.11524 4.9171 
60800 0.197043 0.122476 4.75233 0 0 5.07201 4.87494 
61000 0.195997 0.122474 4.71018 0 0 5.02878 4.83278 
61200 0.194952 0.122472 4.66803 0 0 4.98555 4.79062 
61400 0.193906 0.12247 4.62589 0 0 4.94232 4.74846 
61600 0.19286 0.122469 4.58374 0 0 4.89908 4.70629 
61800 0.191831 0.122466 4.54269 0 0 4.85697 4.66523 
62000 0.190832 0.122463 4.50368 0 0 4.81694 4.62621 
62200 0.189834 0.12246 4.46467 0 0 4.77691 4.58719 
62400 0.188836 0.122457 4.42566 0 0 4.73687 4.54817 
62600 0.187837 0.122454 4.38665 0 0 4.69684 4.50915 
62800 0.186839 0.122451 4.34764 0 0 4.6568 4.47013 
63000 0.185856 0.122447 4.30934 0 0 4.61758 4.43181 
63200 0.184909 0.122441 4.27267 0 0 4.58024 4.39513 
63400 0.183962 0.122435 4.236 0 0 4.5429 4.35845 
63600 0.183015 0.122429 4.19934 0 0 4.50556 4.32176 
63800 0.182068 0.122423 4.16267 0 0 4.46822 4.28508 
64000 0.181121 0.122416 4.126 0 0 4.43088 4.24839 
64200 0.18018 0.12241 4.08977 0 0 4.39388 4.21215 
64400 0.179272 0.122402 4.05603 0 0 4.3588 4.17839 
64600 0.178363 0.122393 4.02229 0 0 4.32372 4.14463 
64800 0.177455 0.122385 3.98855 0 0 4.28864 4.11087 
65000 0.176547 0.122376 3.9548 0 0 4.25356 4.07711 
65200 0.175638 0.122368 3.92106 0 0 4.21848 4.04335 
65400 0.17473 0.122359 3.88732 0 0 4.1834 4.00959 
65600 0.173866 0.12235 3.85543 0 0 4.15082 3.97768 
65800 0.173007 0.12234 3.82374 0 0 4.11851 3.94598 
66000 0.172147 0.12233 3.79205 0 0 4.0862 3.91428 
66200 0.171288 0.122321 3.76037 0 0 4.0539 3.88258 
66400 0.170429 0.122311 3.72868 0 0 4.02159 3.85087 
66600 0.16957 0.122302 3.697 0 0 3.98928 3.81917 
66800 0.168729 0.12229 3.66659 0 0 3.95812 3.78875 
67000 0.167907 0.122276 3.63746 0 0 3.92809 3.75961 
67200 0.167085 0.122262 3.60833 0 0 3.89807 3.73047 
67400 0.166264 0.122248 3.5792 0 0 3.86804 3.70133 
67600 0.165449 0.122235 4.30345 0 0 4.59129 4.42562 
67800 0.164633 0.122221 4.26854 0 0 4.55552 4.3907 
68000 0.163818 0.122208 4.23363 0 0 4.51976 4.35577 
68200 0.163034 0.122195 4.2006 0 0 4.48583 4.32268 
68400 0.16225 0.122182 4.16766 0 0 4.452 4.28969 
68600 0.161467 0.12217 4.13473 0 0 4.41816 4.25669 
68800 0.160683 0.122157 4.10179 0 0 4.38433 4.2237 
69000 0.1599 0.122144 4.06885 0 0 4.3505 4.19071 
69200 0.159117 0.122131 4.03592 0 0 4.31667 4.15771 
69400 0.158344 0.122118 4.00364 0 0 4.28359 4.1254 
69600 0.157595 0.122104 3.97288 0 0 4.25225 4.09466 
69800 0.156846 0.12209 3.94213 0 0 4.22092 4.06393 
70000 0.156097 0.122076 3.91137 0 0 4.18959 4.0332 
70200 0.155348 0.122061 3.88062 0 0 4.15826 4.00247 
70400 0.154599 0.122047 3.84986 0 0 4.12693 3.97174 
70600 0.15385 0.122033 3.81911 0 0 4.0956 3.941 
70800 0.153122 0.122018 3.78967 0 0 4.06543 3.91156 
71000 0.15241 0.122003 3.7613 0 0 4.0362 3.88318 
71200 0.151698 0.121987 3.73294 0 0 4.00698 3.8548 
71400 0.150986 0.121972 3.70458 0 0 3.97775 3.82642 
71600 0.150275 0.121956 3.67621 0 0 3.94852 3.79804 
71800 0.149563 0.121941 3.64785 0 0 3.9193 3.76966 
72000 0.148851 0.121925 3.61948 0 0 3.89007 3.74128 
72200 0.148163 0.121907 3.59236 0 0 3.86213 3.71413 
72400 0.147488 0.121889 3.56591 0 0 3.83487 3.68765 
72600 0.146814 0.12187 3.53946 0 0 3.80762 3.66117 
72800 0.146139 0.121851 3.51302 0 0 3.78036 3.63469 
73000 0.145464 0.121832 3.48657 0 0 3.75311 3.6082 
73200 0.144789 0.121814 3.46012 0 0 3.72586 3.58172 
73400 0.144114 0.121795 3.43367 0 0 3.6986 3.55524 
73600 0.143458 0.121776 3.40833 0 0 3.6726 3.52988 
73800 0.142816 0.121757 3.38372 0 0 3.64743 3.50528 
74000 0.142173 0.121737 3.35912 0 0 3.62227 3.48067 
74200 0.14153 0.121718 3.33451 0 0 3.5971 3.45606 
74400 0.140887 0.121699 3.30991 0 0 3.57193 3.43146 
74600 0.140245 0.12168 3.2853 0 0 3.54676 3.40685 
74800 0.139602 0.12166 3.2607 0 0 3.52159 3.38225 
75000 0.138971 0.121642 3.23672 0 0 3.49697 3.35825 
75200 0.138358 0.121623 3.21368 0 0 3.47317 3.33518 
75400 0.137745 0.121605 3.19064 0 0 3.44937 3.31211 
75600 0.137131 0.121587 3.16761 0 0 3.42557 3.28904 
75800 0.136518 0.121569 3.14457 0 0 3.40177 3.26597 
76000 0.135905 0.121551 3.12153 0 0 3.37797 3.2429 
76200 0.135292 0.121533 3.09849 0 0 3.35417 3.21983 
76400 0.134681 0.121514 3.07562 0 0 3.33058 3.19692 
76600 0.134097 0.121493 3.05422 0 0 3.30884 3.17553 
76800 0.133513 0.121471 3.03282 0 0 3.2871 3.15414 
77000 0.132929 0.12145 3.01142 0 0 3.26537 3.13275 
77200 0.132345 0.121428 2.99002 0 0 3.24363 3.11136 
77400 0.131761 0.121406 2.96862 0 0 3.2219 3.08997 
77600 0.131176 0.121385 2.94722 0 0 3.20016 3.06858 
77800 0.130592 0.121363 2.92582 0 0 3.17842 3.04719 
78000 0.130025 0.121341 2.90531 0 0 3.15738 3.02668 
78200 0.129469 0.121318 2.8854 0 0 3.13681 3.00675 
78400 0.128914 0.121295 2.86549 0 0 3.11623 2.98682 
78600 0.128358 0.121272 2.84557 0 0 3.09565 2.9669 
78800 0.127802 0.121249 2.82566 0 0 3.07508 2.94697 
79000 0.127246 0.121226 2.80575 0 0 3.0545 2.92704 
79200 0.12669 0.121202 2.78584 0 0 3.03393 2.90711 
79400 0.126135 0.121179 2.76593 0 0 3.01335 2.88718 
79600 0.1256 0.121159 2.74708 0 0 2.99393 2.86832 
79800 0.125065 0.121138 2.72823 0 0 2.97451 2.84945 
80000 0.124529 0.121118 2.70939 0 0 2.95508 2.83059 
80200 0.124003 0.121094 2.69105 0 0 2.93625 2.81224 
80400 0.123476 0.121071 2.67272 0 0 2.91741 2.79389 
80600 0.12295 0.121047 2.65439 0 0 2.89858 2.77555 
80800 0.122423 0.121024 2.63606 0 0 2.87975 2.7572 
81000 0.121903 0.121 2.61803 0 0 2.8612 2.73915 
81200 0.121402 0.120977 2.60088 0 0 2.8435 2.72198 
81400 0.120901 0.120953 2.58373 0 0 2.8258 2.70482 
81600 0.1204 0.120929 2.56659 0 0 2.8081 2.68765 
81800 0.119899 0.120905 2.54944 0 0 2.7904 2.67049 
82000 0.119398 0.120882 2.53229 0 0 2.7727 2.65333 
82200 0.118897 0.120858 2.51515 0 0 2.755 2.63616 
82400 0.118396 0.120834 2.498 0 0 2.7373 2.619 
82600 0.117901 0.12081 2.48118 0 0 2.71995 2.60216 
82800 0.117419 0.120784 2.46513 0 0 2.7034 2.58608 
83000 0.116938 0.120758 2.44908 0 0 2.68686 2.57 
83200 0.116456 0.120733 2.43303 0 0 2.67031 2.55392 
83400 0.115975 0.120707 2.41698 0 0 2.65376 2.53784 
83600 0.115493 0.120681 2.40094 0 0 2.63722 2.52176 
83800 0.115011 0.120656 2.38489 0 0 2.62067 2.50568 
84000 0.11453 0.12063 2.36884 0 0 2.60413 2.48959 
84200 0.114055 0.120604 2.35309 0 0 2.58788 2.47381 
84400 0.113603 0.120579 2.33823 0 0 2.57253 2.45891 
84600 0.11315 0.120554 2.32337 0 0 2.55717 2.44401 
84800 0.112698 0.120528 2.30851 0 0 2.54182 2.4291 
85000 0.112245 0.120503 2.29365 0 0 2.52647 2.4142 
85200 0.111793 0.120478 2.27879 0 0 2.51112 2.3993 
85400 0.11134 0.120452 2.26393 0 0 2.49576 2.3844 
85600 0.110888 0.120427 2.24907 0 0 2.48041 2.3695 
85800 0.110435 0.120401 2.23421 0 0 2.46506 2.3546 
86000 0.11 0.120375 2.22029 0 0 2.45069 2.34067 
86200 0.109564 0.120349 2.20638 0 0 2.43632 2.32673 
86400 0.109129 0.120322 2.19246 0 0 2.42195 2.3128 
86600 0.108693 0.120296 2.17854 0 0 2.40757 2.29886 
86800 0.108258 0.120269 2.16463 0 0 2.3932 2.28493 
87000 0.107822 0.120243 2.15071 0 0 2.37883 2.271 
87200 0.107386 0.120217 2.13679 0 0 2.36446 2.25706 
87400 0.106951 0.12019 2.12288 0 0 2.35009 2.24313 
87600 0.10653 0.120163 2.10962 0 0 2.33637 2.22983 
87800 0.106118 0.120134 2.09672 0 0 2.32299 2.21688 
88000 0.105705 0.120106 2.08382 0 0 2.30961 2.20393 
88200 0.105292 0.120078 2.07092 0 0 2.29624 2.19097 
88400 0.10488 0.12005 2.05803 0 0 2.28286 2.17802 
88600 0.104467 0.120021 2.04513 0 0 2.26948 2.16507 
88800 0.104055 0.119993 2.03223 0 0 2.25611 2.15211 
89000 0.103642 0.119965 2.01933 0 0 2.24273 2.13916 
89200 0.103231 0.119937 2.00652 0 0 2.22946 2.1263 
89400 0.10284 0.119911 1.99453 0 0 2.21709 2.11432 
89600 0.102449 0.119884 1.98254 0 0 2.20472 2.10234 
89800 0.102058 0.119858 1.97055 0 0 2.19235 2.09036 
90000 0.101667 0.119831 1.95856 0 0 2.17999 2.07837 
90200 0.101276 0.119805 1.94657 0 0 2.16762 2.06639 
90400 0.100885 0.119778 1.93458 0 0 2.15525 2.05441 
90600 0.100494 0.119752 1.92259 0 0 2.14288 2.04243 
90800 0.100103 0.119725 1.91061 0 0 2.13052 2.03044 
91000 0.0997187 0.119699 1.89891 0 0 2.11844 2.01874 
91200 0.0993469 0.119671 1.88775 0 0 2.10689 2.00754 
91400 0.098975 0.119644 1.87659 0 0 2.09534 1.99634 
91600 0.0986032 0.119616 1.86543 0 0 2.08379 1.98514 
91800 0.0982313 0.119589 1.85427 0 0 2.07224 1.97394 
92000 0.0978595 0.119561 1.84311 0 0 2.06069 1.96275 
92200 0.0974876 0.119534 1.83196 0 0 2.04914 1.95155 
92400 0.0971158 0.119507 1.8208 0 0 2.03759 1.94035 
92600 0.0967439 0.119479 1.80964 0 0 2.02604 1.92915 
92800 0.0963809 0.11945 1.79881 0 0 2.01482 1.9183 
93000 0.0960286 0.119419 1.7884 0 0 2.00399 1.90787 
93200 0.0956763 0.119387 1.77799 0 0 1.99316 1.89744 
93400 0.095324 0.119356 1.76757 0 0 1.98233 1.88701 
93600 0.0949717 0.119325 1.75716 0 0 1.9715 1.87658 
93800 0.0946194 0.119293 1.74675 0 0 1.96067 1.86615 
94000 0.0942671 0.119262 1.73633 0 0 1.94985 1.85572 
94200 0.0939148 0.11923 1.72592 0 0 1.93902 1.84529 
94400 0.0935625 0.119199 1.7155 0 0 1.92819 1.83486 
94600 0.0932164 0.119169 1.70538 0 0 1.91768 1.82472 
94800 0.0928796 0.119142 1.6957 0 0 1.90767 1.815 
95000 0.0925428 0.119114 1.68602 0 0 1.89765 1.80528 
95200 0.092206 0.119086 1.67634 0 0 1.88763 1.79556 
95400 0.0918692 0.119059 1.66666 0 0 1.87761 1.78584 
95600 0.0915323 0.119031 1.65698 0 0 1.8676 1.77612 
95800 0.0911955 0.119004 1.6473 0 0 1.85758 1.7664 
96000 0.0908587 0.118976 1.63762 0 0 1.84756 1.75668 
96200 0.0905219 0.118949 1.62794 0 0 1.83755 1.74696 
96400 0.0901876 0.118921 1.61836 0 0 1.82762 1.73734 
96600 0.089868 0.11889 1.60936 0 0 1.81824 1.7283 
96800 0.0895484 0.11886 1.60036 0 0 1.80887 1.71926 
97000 0.0892287 0.118829 1.59136 0 0 1.79949 1.71023 
97200 0.0889091 0.118799 1.58237 0 0 1.79011 1.70119 
97400 0.0885895 0.118768 1.57337 0 0 1.78073 1.69215 
97600 0.0882698 0.118738 1.56437 0 0 1.77135 1.68311 
97800 0.0879502 0.118707 1.55537 0 0 1.76197 1.67407 
98000 0.0876306 0.118677 1.54638 0 0 1.75259 1.66504 
98200 0.0873109 0.118646 1.53738 0 0 1.74321 1.656 
98400 0.0870032 0.118615 1.52881 0 0 1.73429 1.64741 
98600 0.0866994 0.118583 1.52039 0 0 1.72554 1.63897 
98800 0.0863955 0.118551 1.51196 0 0 1.71678 1.63053 
99000 0.0860917 0.118519 1.50354 0 0 1.70802 1.62209 
99200 0.0857879 0.118487 1.49511 0 0 1.69926 1.61365 
99400 0.0854841 0.118455 1.48669 0 0 1.6905 1.60521 
99600 0.0851802 0.118424 1.47826 0 0 1.68174 1.59677 
99800 0.0848764 0.118392 1.46984 0 0 1.67298 1.58833 
100000 0.0845726 0.11836 1.46142 0 0 1.66422 1.57989 
100200 0.0843254 0.118347 1.45461 0 0 1.65739 1.57279 
100400 0.084028 0.118312 1.44654 0 0 1.64901 1.56471 
100600 0.0837306 0.118278 1.43848 0 0 1.64063 1.55664 
100800 0.0834332 0.118243 1.43041 0 0 1.63225 1.54856 
101000 0.0831358 0.118208 1.42235 0 0 1.62387 1.54049 
101200 0.0828384 0.118174 1.41428 0 0 1.61549 1.53241 
101400 0.082541 0.118139 1.40621 0 0 1.60711 1.52434 
101600 0.0822437 0.118104 1.39815 0 0 1.59873 1.51626 
101800 0.0819463 0.11807 1.39008 0 0 1.59035 1.50819 
102000 0.0816489 0.118035 1.38202 0 0 1.58197 1.50011 
102200 0.0813639 0.118003 1.37438 0 0 1.574 1.49244 
102400 0.0810915 0.117973 1.36716 0 0 1.56644 1.48518 
102600 0.080819 0.117943 1.35994 0 0 1.55889 1.47791 
102800 0.0805465 0.117913 1.35272 0 0 1.55133 1.47064 
103000 0.080274 0.117884 1.3455 0 0 1.54377 1.46338 
103200 0.0800016 0.117854 1.33829 0 0 1.53622 1.45611 
103400 0.0797291 0.117824 1.33107 0 0 1.52866 1.44885 
103600 0.0794566 0.117794 1.32385 0 0 1.52111 1.44158 
103800 0.0791842 0.117765 1.31663 0 0 1.51355 1.43432 
104000 0.0789117 0.117735 1.30941 0 0 1.50599 1.42705 
104200 0.0786502 0.117704 1.30253 0 0 1.49879 1.42013 
104400 0.0783996 0.117674 1.29597 0 0 1.49195 1.41357 
104600 0.0781491 0.117643 1.28942 0 0 1.4851 1.407 
104800 0.0778985 0.117612 1.28286 0 0 1.47826 1.40043 
105000 0.077648 0.117581 1.27631 0 0 1.47141 1.39386 
105200 0.0773974 0.117551 1.26976 0 0 1.46457 1.38729 
105400 0.0771469 0.11752 1.2632 0 0 1.45772 1.38072 
105600 0.0768963 0.117489 1.25665 0 0 1.45088 1.37415 
105800 0.0766458 0.117458 1.25009 0 0 1.44403 1.36758 
106000 0.0763952 0.117428 1.24354 0 0 1.43719 1.36101 
106200 0.0761447 0.117397 1.23698 0 0 1.43034 1.35445 
106400 0.0758878 0.117364 1.23048 0 0 1.42358 1.34789 
106600 0.0756309 0.11733 1.22398 0 0 1.41681 1.34134 
106800 0.075374 0.117297 1.21748 0 0 1.41005 1.33478 
107000 0.0751171 0.117264 1.21098 0 0 1.40329 1.32823 
107200 0.0748602 0.117231 1.20448 0 0 1.39652 1.32168 
107400 0.0746033 0.117197 1.19798 0 0 1.38976 1.31512 
107600 0.0743464 0.117164 1.19148 0 0 1.383 1.30857 
107800 0.0740895 0.117131 1.18498 0 0 1.37623 1.30202 
108000 0.0738326 0.117098 1.17848 0 0 1.36947 1.29546 
108200 0.0735757 0.117065 1.17198 0 0 1.36271 1.28891 
108400 0.0733523 0.117032 1.16636 0 0 1.35683 1.28326 
108600 0.0731288 0.117 1.16074 0 0 1.35095 1.27762 
108800 0.0729053 0.116967 1.15512 0 0 1.34507 1.27197 
109000 0.0726818 0.116935 1.14951 0 0 1.33919 1.26633 
109200 0.0724583 0.116902 1.14389 0 0 1.33331 1.26068 
109400 0.0722348 0.11687 1.13827 0 0 1.32743 1.25503 
109600 0.0720113 0.116837 1.13265 0 0 1.32155 1.24939 
109800 0.0717878 0.116805 1.12703 0 0 1.31567 1.24374 
110000 0.0715643 0.116772 1.12141 0 0 1.30979 1.2381 
110200 0.0713408 0.11674 1.11579 0 0 1.30391 1.23245 
110400 0.0711173 0.116707 1.11018 0 0 1.29803 1.2268 
110600 0.0708898 0.116675 1.1046 0 0 1.29218 1.22119 
110800 0.0706622 0.116643 1.09902 0 0 1.28633 1.21557 
111000 0.0704347 0.116611 1.09344 0 0 1.28048 1.20996 
111200 0.0702071 0.116579 1.08786 0 0 1.27463 1.20434 
111400 0.0699795 0.116548 1.08228 0 0 1.26878 1.19872 
111600 0.069752 0.116516 1.0767 0 0 1.26293 1.19311 
111800 0.0695244 0.116484 1.07112 0 0 1.25708 1.18749 
112000 0.0692968 0.116452 1.06554 0 0 1.25123 1.18188 
112200 0.0690693 0.11642 1.05996 0 0 1.24538 1.17626 
112400 0.0688417 0.116388 1.05438 0 0 1.23953 1.17064 
112600 0.0686224 0.116355 1.04907 0 0 1.23396 1.1653 
112800 0.0684112 0.116322 1.04402 0 0 1.22866 1.16023 
113000 0.0682001 0.116289 1.03897 0 0 1.22337 1.15516 
113200 0.067989 0.116256 1.03392 0 0 1.21807 1.15008 
113400 0.0677778 0.116222 1.02887 0 0 1.21278 1.14501 
113600 0.0675667 0.116189 1.02382 0 0 1.20748 1.13994 
113800 0.0673556 0.116156 1.01877 0 0 1.20219 1.13486 
114000 0.0671444 0.116123 1.01372 0 0 1.19689 1.12979 
114200 0.0669333 0.116089 1.00867 0 0 1.1916 1.12472 
114400 0.0667222 0.116056 1.00362 0 0 1.1863 1.11965 
114600 0.066511 0.116023 0.99857 0 0 1.18101 1.11457 
114800 0.0663082 0.11599 0.993758 0 0 1.17596 1.10973 
115000 0.0661136 0.115958 0.989183 0 0 1.17116 1.10512 
115200 0.0659191 0.115926 0.984608 0 0 1.16636 1.10051 
115400 0.0657245 0.115894 0.980033 0 0 1.16156 1.09589 
115600 0.0655299 0.115862 0.975458 0 0 1.15676 1.09128 
115800 0.0653354 0.11583 0.970883 0 0 1.15196 1.08667 
116000 0.0651408 0.115798 0.966309 0 0 1.14716 1.08206 
116200 0.0649462 0.115766 0.961734 0 0 1.14236 1.07744 
116400 0.0647517 0.115734 0.957159 0 0 1.13756 1.07283 
116600 0.0645571 0.115702 0.952584 0 0 1.13276 1.06822 
116800 0.0643626 0.11567 0.948009 0 0 1.12796 1.06361 
117000 0.064168 0.115638 0.943434 0 0 1.12316 1.05899 
117200 0.0639707 0.115601 0.938901 0 0 1.1184 1.05442 
117400 0.0637734 0.115564 0.934368 0 0 1.11365 1.04984 
117600 0.063576 0.115528 0.929835 0 0 1.10889 1.04527 
117800 0.0633787 0.115491 0.925302 0 0 1.10414 1.04069 
118000 0.0631814 0.115454 0.920769 0 0 1.09938 1.03611 
118200 0.0629841 0.115418 0.916236 0 0 1.09463 1.03154 
118400 0.0627867 0.115381 0.911703 0 0 1.08987 1.02696 
118600 0.0625894 0.115345 0.90717 0 0 1.08512 1.02239 
118800 0.0623921 0.115308 0.902637 0 0 1.08036 1.01781 
119000 0.0621948 0.115271 0.898104 0 0 1.07561 1.01324 
119200 0.0619974 0.115235 0.893571 0 0 1.07085 1.00866 
119400 0.0618235 0.115204 0.889618 0 0 1.0667 1.00471 
119600 0.0616497 0.115174 0.885664 0 0 1.06255 1.00075 
119800 0.0614758 0.115144 0.881711 0 0 1.0584 0.996793 
120000 0.0613019 0.115113 0.877758 0 0 1.05425 0.992837 
120200 0.061128 0.115083 0.873805 0 0 1.05009 0.988881 
120400 0.0609541 0.115053 0.869851 0 0 1.04594 0.984925 
120600 0.0607802 0.115022 0.865898 0 0 1.04179 0.980969 
120800 0.0606063 0.114992 0.861945 0 0 1.03764 0.977013 
121000 0.0604325 0.114962 0.857992 0 0 1.03349 0.973057 
121200 0.0602586 0.114931 0.854039 0 0 1.02934 0.969101 
121400 0.0600847 0.114901 0.850085 0 0 1.02519 0.965145 
121600 0.0599108 0.114871 0.846132 0 0 1.02103 0.961189 
121800 0.0597405 0.114837 0.8424 0 0 1.0171 0.957418 
122000 0.0595703 0.114803 0.838667 0 0 1.01317 0.953647 
122200 0.0594 0.11477 0.834935 0 0 1.00924 0.949875 
122400 0.0592297 0.114736 0.831202 0 0 1.00531 0.946104 
122600 0.0590595 0.114703 0.82747 0 0 1.00138 0.942333 
122800 0.0588892 0.114669 0.823737 0 0 0.997446 0.938561 
123000 0.0587189 0.114635 0.820005 0 0 0.993514 0.93479 
123200 0.0585486 0.114602 0.816272 0 0 0.989583 0.931019 
123400 0.0583784 0.114568 0.812539 0 0 0.985652 0.927248 
123600 0.0582081 0.114535 0.808807 0 0 0.98172 0.923476 
123800 0.0580378 0.114501 0.805074 0 0 0.977789 0.919705 
124000 0.0578676 0.114468 0.801342 0 0 0.973857 0.915934 
124200 0.0577044 0.114434 0.797808 0 0 0.970107 0.912361 
124400 0.0575413 0.1144 0.794274 0 0 0.966357 0.908788 
124600 0.0573782 0.114366 0.79074 0 0 0.962607 0.905216 
124800 0.057215 0.114332 0.787207 0 0 0.958858 0.901643 
125000 0.0570519 0.114298 0.783673 0 0 0.955108 0.89807 
125200 0.0568888 0.114265 0.780139 0 0 0.951358 0.894498 
125400 0.0567256 0.114231 0.776605 0 0 0.947608 0.890925 
125600 0.0565625 0.114197 0.773072 0 0 0.943858 0.887353 
125800 0.0563994 0.114163 0.769538 0 0 0.940108 0.88378 
126000 0.0562362 0.114129 0.766004 0 0 0.936358 0.880208 
126200 0.0560731 0.114096 0.76247 0 0 0.932608 0.876635 
126400 0.0559099 0.114062 0.758937 0 0 0.928858 0.873062 
126600 0.0557519 0.114027 0.755581 0 0 0.925325 0.869668 
126800 0.0555938 0.113993 0.752226 0 0 0.921792 0.866275 
127000 0.0554358 0.113959 0.74887 0 0 0.918259 0.862881 
127200 0.0552777 0.113925 0.745515 0 0 0.914726 0.859487 
127400 0.0551197 0.11389 0.74216 0 0 0.911192 0.856093 
127600 0.0549616 0.113856 0.738804 0 0 0.907659 0.852699 
127800 0.0548036 0.113822 0.735449 0 0 0.904126 0.849305 
128000 0.0546455 0.113787 0.732094 0 0 0.900593 0.845911 
128200 0.0544875 0.113753 0.728738 0 0 0.89706 0.842517 
128400 0.0543294 0.113719 0.725383 0 0 0.893526 0.839123 
128600 0.0541714 0.113685 0.722027 0 0 0.889993 0.835729 
128800 0.0540133 0.11365 0.718672 0 0 0.88646 0.832335 
129000 0.0538721 0.113619 0.715753 0 0 0.883347 0.829379 
129200 0.053731 0.113587 0.712833 0 0 0.880234 0.826423 
129400 0.0535898 0.113555 0.709914 0 0 0.877121 0.823467 
129600 0.0534486 0.113523 0.706995 0 0 0.874008 0.820511 
129800 0.0533075 0.113491 0.704075 0 0 0.870894 0.817554 
130000 0.0531663 0.113459 0.701156 0 0 0.867781 0.814598 
130200 0.0530251 0.113427 0.698237 0 0 0.864668 0.811642 
130400 0.0528839 0.113396 0.695317 0 0 0.861555 0.808686 
130600 0.0527428 0.113364 0.692398 0 0 0.858442 0.805729 
130800 0.0526016 0.113332 0.689479 0 0 0.855329 0.802773 
131000 0.0524604 0.1133 0.68656 0 0 0.852216 0.799817 
131200 0.0523192 0.113268 0.68364 0 0 0.849103 0.796861 
131400 0.0521781 0.113236 0.680721 0 0 0.84599 0.793905 
131600 0.0520362 0.113202 0.677819 0 0 0.842934 0.790981 
131800 0.0518944 0.113168 0.674917 0 0 0.839879 0.788057 
132000 0.0517526 0.113134 0.672015 0 0 0.836823 0.785133 
132200 0.0516107 0.1131 0.669113 0 0 0.833768 0.782209 
132400 0.0514689 0.113066 0.666211 0 0 0.830712 0.779285 
132600 0.0513271 0.113032 0.663309 0 0 0.827657 0.776361 
132800 0.0511853 0.112997 0.660407 0 0 0.824601 0.773437 
133000 0.0510434 0.112963 0.657505 0 0 0.821546 0.770513 
133200 0.0509016 0.112929 0.654603 0 0 0.81849 0.76759 
133400 0.0507598 0.112895 0.651701 0 0 0.815435 0.764666 
133600 0.0506179 0.112861 0.648799 0 0 0.812379 0.761742 
133800 0.0504761 0.112827 0.645897 0 0 0.809324 0.758818 
134000 0.0503418 0.112794 0.643185 0 0 0.806451 0.756069 
134200 0.0502151 0.112761 0.640662 0 0 0.80376 0.753495 
134400 0.0500884 0.112729 0.63814 0 0 0.801069 0.750922 
134600 0.0499617 0.112696 0.635617 0 0 0.798378 0.748348 
134800 0.049835 0.112664 0.633095 0 0 0.795687 0.745775 
135000 0.0497083 0.112631 0.630572 0 0 0.792996 0.743201 
135200 0.0495816 0.112599 0.62805 0 0 0.790305 0.740627 
135400 0.0494549 0.112567 0.625527 0 0 0.787614 0.738054 
135600 0.0493282 0.112534 0.623004 0 0 0.784924 0.73548 
135800 0.0492015 0.112502 0.620482 0 0 0.782233 0.732906 
136000 0.0490748 0.112469 0.617959 0 0 0.779542 0.730333 
136200 0.0489481 0.112437 0.615437 0 0 0.776851 0.727759 
136400 0.0488214 0.112405 0.612914 0 0 0.77416 0.725186 
136600 0.0486946 0.112372 0.610392 0 0 0.771469 0.722612 
136800 0.048566 0.112339 0.607896 0 0 0.768815 0.720098 
137000 0.0484373 0.112305 0.605401 0 0 0.766161 0.717584 
137200 0.0483086 0.112272 0.602906 0 0 0.763507 0.715071 
137400 0.0481799 0.112238 0.60041 0 0 0.760853 0.712557 
137600 0.0480513 0.112205 0.597915 0 0 0.7582 0.710043 
137800 0.0479226 0.112172 0.59542 0 0 0.755546 0.707529 
138000 0.0477939 0.112138 0.592924 0 0 0.752892 0.705015 
138200 0.0476652 0.112105 0.590429 0 0 0.750238 0.702502 
138400 0.0475366 0.112071 0.587934 0 0 0.747584 0.699988 
138600 0.0474079 0.112038 0.585438 0 0 0.74493 0.697474 
138800 0.0472792 0.112004 0.582943 0 0 0.742276 0.69496 
139000 0.0471505 0.111971 0.580448 0 0 0.739622 0.692446 
139200 0.0470218 0.111937 0.577952 0 0 0.736968 0.689932 
139400 0.0469025 0.111904 0.575683 0 0 0.734544 0.687625 
139600 0.0467831 0.11187 0.573414 0 0 0.73212 0.685317 
139800 0.0466637 0.111836 0.571145 0 0 0.729695 0.683009 
140000 0.0465443 0.111802 0.568876 0 0 0.727271 0.680701 
140200 0.046425 0.111768 0.566607 0 0 0.724847 0.678393 
140400 0.0463056 0.111734 0.564337 0 0 0.722422 0.676085 
140600 0.0461862 0.1117 0.562068 0 0 0.719998 0.673777 
140800 0.0460668 0.111667 0.559799 0 0 0.717574 0.67147 
141000 0.0459474 0.111633 0.55753 0 0 0.715149 0.669162 
141200 0.0458281 0.111599 0.555261 0 0 0.712725 0.666854 
141400 0.0457087 0.111565 0.552992 0 0 0.710301 0.664546 
141600 0.0455893 0.111531 0.550722 0 0 0.707876 0.662238 
141800 0.0454699 0.111497 0.548453 0 0 0.705452 0.65993 
142000 0.0453547 0.111464 0.546279 0 0 0.703127 0.657719 
142200 0.0452437 0.111432 0.5442 0 0 0.700903 0.655606 
142400 0.0451327 0.1114 0.542121 0 0 0.698678 0.653492 
142600 0.0450217 0.111367 0.540042 0 0 0.696453 0.651378 
142800 0.0449107 0.111335 0.537963 0 0 0.694228 0.649265 
143000 0.0447996 0.111302 0.535884 0 0 0.692003 0.647151 
143200 0.0446886 0.11127 0.533805 0 0 0.689778 0.645037 
143400 0.0445776 0.111238 0.531726 0 0 0.687554 0.642924 
143600 0.0444666 0.111205 0.529647 0 0 0.685329 0.64081 
143800 0.0443556 0.111173 0.527568 0 0 0.683104 0.638696 
144000 0.0442446 0.111141 0.525489 0 0 0.680879 0.636583 
144200 0.0441335 0.111108 0.52341 0 0 0.678654 0.634469 
144400 0.0440225 0.111076 0.521331 0 0 0.676429 0.632355 
144600 0.0439115 0.111044 0.519252 0 0 0.674204 0.630242 
144800 0.0438026 0.111011 0.517227 0 0 0.672042 0.628189 
145000 0.0436958 0.110978 0.515257 0 0 0.669942 0.626198 
145200 0.043589 0.110945 0.513286 0 0 0.667841 0.624206 
145400 0.0434823 0.110912 0.511316 0 0 0.665741 0.622215 
145600 0.0433755 0.110879 0.509346 0 0 0.663641 0.620224 
145800 0.0432687 0.110846 0.507375 0 0 0.661541 0.618232 
146000 0.0431619 0.110813 0.505405 0 0 0.65944 0.616241 
146200 0.0430552 0.11078 0.503435 0 0 0.65734 0.614249 
146400 0.0429484 0.110747 0.501464 0 0 0.65524 0.612258 
146600 0.0428416 0.110715 0.499494 0 0 0.653139 0.610267 
146800 0.0427348 0.110682 0.497524 0 0 0.651039 0.608275 
147000 0.042628 0.110649 0.495553 0 0 0.648939 0.606284 
147200 0.0425213 0.110616 0.493583 0 0 0.646839 0.604293 
147400 0.0424145 0.110583 0.491612 0 0 0.644738 0.602301 
147600 0.0423114 0.110551 0.489739 0 0 0.642733 0.6004 
147800 0.0422121 0.110519 0.487963 0 0 0.640822 0.598589 
148000 0.0421128 0.110488 0.486186 0 0 0.638912 0.596778 
148200 0.0420135 0.110456 0.484409 0 0 0.637001 0.594967 
148400 0.0419141 0.110425 0.482633 0 0 0.635091 0.593156 
148600 0.0418148 0.110393 0.480856 0 0 0.63318 0.591345 
148800 0.0417155 0.110362 0.47908 0 0 0.63127 0.589534 
149000 0.0416162 0.110331 0.477303 0 0 0.629359 0.587723 
149200 0.0415169 0.110299 0.475527 0 0 0.627449 0.585912 
149400 0.0414175 0.110268 0.47375 0 0 0.625538 0.584101 
149600 0.0413182 0.110236 0.471974 0 0 0.623628 0.58229 
149800 0.0412189 0.110205 0.470197 0 0 0.621717 0.580479 
150000 0.0411196 0.110173 0.468421 0 0 0.619807 0.578668 
150200 0.041012 0.110141 0.466571 0 0 0.617686 0.576695 
150400 0.0409043 0.110109 0.464721 0 0 0.615566 0.574722 
150600 0.0408109 0.110078 0.463066 0 0 0.613806 0.573048 
150800 0.0407175 0.110047 0.46141 0 0 0.612047 0.571374 
151000 0.0406241 0.110015 0.459755 0 0 0.610287 0.5697 
151200 0.0405307 0.109984 0.458099 0 0 0.608527 0.568026 
151400 0.0404373 0.109952 0.456444 0 0 0.606767 0.566351 
151600 0.0403439 0.109921 0.454788 0 0 0.605008 0.564677 
151800 0.0402505 0.109889 0.453133 0 0 0.603248 0.563003 
152000 0.0401571 0.109858 0.451477 0 0 0.601488 0.561329 
152200 0.0400636 0.109826 0.449822 0 0 0.599729 0.559655 
152400 0.0399702 0.109795 0.448166 0 0 0.597969 0.557981 
152600 0.0398768 0.109763 0.446511 0 0 0.596209 0.556306 
152800 0.0397834 0.109732 0.444855 0 0 0.594449 0.554632 
153000 0.03969 0.1097 0.4432 0 0 0.59269 0.552958 
153200 0.0395966 0.109669 0.441544 0 0 0.59093 0.551284 
153400 0.0395032 0.109637 0.439889 0 0 0.58917 0.54961 
153600 0.0394124 0.109605 0.438332 0 0 0.587479 0.548017 
153800 0.0393216 0.109573 0.436774 0 0 0.585789 0.546423 
154000 0.0392308 0.10954 0.435217 0 0 0.584098 0.54483 
154200 0.03914 0.109508 0.433659 0 0 0.582407 0.543237 
154400 0.0390492 0.109476 0.432102 0 0 0.580716 0.541644 
154600 0.0389584 0.109443 0.430545 0 0 0.579025 0.540051 
154800 0.0388676 0.109411 0.428987 0 0 0.577335 0.538457 
155000 0.0387768 0.109379 0.42743 0 0 0.575644 0.536864 
155200 0.038686 0.109347 0.425873 0 0 0.573953 0.535271 
155400 0.0385952 0.109314 0.424315 0 0 0.572262 0.533678 
155600 0.0385044 0.109282 0.422758 0 0 0.570571 0.532085 
155800 0.0384136 0.10925 0.421201 0 0 0.56888 0.530491 
156000 0.0383228 0.109217 0.419643 0 0 0.567189 0.528898 
156200 0.038232 0.109185 0.418086 0 0 0.565499 0.527305 
156400 0.0381412 0.109153 0.416528 0 0 0.563808 0.525712 
156600 0.038054 0.10912 0.415064 0 0 0.562226 0.524202 
156800 0.0379668 0.109088 0.4136 0 0 0.560644 0.522692 
157000 0.0378796 0.109056 0.412135 0 0 0.559062 0.521182 
157200 0.0377925 0.109024 0.410671 0 0 0.557481 0.519672 
157400 0.0377053 0.108992 0.409206 0 0 0.555899 0.518162 
157600 0.0376181 0.108959 0.407742 0 0 0.554317 0.516652 
157800 0.0375309 0.108927 0.406278 0 0 0.552735 0.515142 
158000 0.0374438 0.108895 0.404813 0 0 0.551153 0.513632 
158200 0.0373566 0.108863 0.403349 0 0 0.549572 0.512122 
158400 0.0372694 0.10883 0.401884 0 0 0.54799 0.510612 
158600 0.0371822 0.108798 0.40042 0 0 0.546408 0.509102 
158800 0.0370951 0.108766 0.398956 0 0 0.544826 0.507592 
159000 0.0370079 0.108734 0.397491 0 0 0.543244 0.506082 
159200 0.0369207 0.108702 0.396027 0 0 0.541663 0.504572 
159400 0.0368336 0.108669 0.394562 0 0 0.540081 0.503062 
159600 0.0367515 0.108638 0.393211 0 0 0.538615 0.50169 
159800 0.0366694 0.108607 0.39186 0 0 0.53715 0.500318 
160000 0.0365873 0.108576 0.390509 0 0 0.535684 0.498947 
160200 0.0365052 0.108545 0.389158 0 0 0.534219 0.497575 
160400 0.0364231 0.108515 0.387807 0 0 0.532753 0.496203 
160600 0.036341 0.108484 0.386456 0 0 0.531288 0.494831 
160800 0.0362589 0.108453 0.385105 0 0 0.529822 0.49346 
161000 0.0361769 0.108422 0.383754 0 0 0.528356 0.492088 
161200 0.0360948 0.108391 0.382403 0 0 0.526891 0.490716 
161400 0.0360127 0.10836 0.381052 0 0 0.525425 0.489344 
161600 0.0359306 0.108329 0.3797 0 0 0.52396 0.487972 
161800 0.0358485 0.108298 0.378349 0 0 0.522494 0.486601 
162000 0.0357664 0.108267 0.376998 0 0 0.521029 0.485229 
162200 0.0356843 0.108236 0.375647 0 0 0.519563 0.483857 
162400 0.0356023 0.108205 0.374296 0 0 0.518098 0.482485 
162600 0.0355226 0.108173 0.372996 0 0 0.516692 0.481159 
162800 0.0354453 0.108141 0.371747 0 0 0.515346 0.479878 
163000 0.0353681 0.10811 0.370497 0 0 0.513999 0.478597 
163200 0.0352909 0.108078 0.369248 0 0 0.512653 0.477316 
163400 0.0352136 0.108046 0.367999 0 0 0.511307 0.476035 
163600 0.0351364 0.108014 0.366749 0 0 0.50996 0.474755 
163800 0.0350591 0.107983 0.3655 0 0 0.508614 0.473474 
164000 0.0349819 0.107951 0.364251 0 0 0.507268 0.472193 
164200 0.0349046 0.107919 0.363001 0 0 0.505922 0.470912 
164400 0.0348274 0.107887 0.361752 0 0 0.504575 0.469631 
164600 0.0347501 0.107856 0.360503 0 0 0.503229 0.46835 
164800 0.0346729 0.107824 0.359254 0 0 0.501883 0.467069 
165000 0.0345956 0.107792 0.358004 0 0 0.500537 0.465788 
165200 0.0345184 0.10776 0.356755 0 0 0.49919 0.464507 
165400 0.0344411 0.107728 0.355506 0 0 0.497844 0.463226 
165600 0.0343639 0.107697 0.354256 0 0 0.496498 0.461946 
165800 0.0342894 0.107666 0.353067 0 0 0.495202 0.460726 
166000 0.0342177 0.107636 0.351939 0 0 0.493958 0.459567 
166200 0.034146 0.107606 0.350811 0 0 0.492713 0.458408 
166400 0.0340744 0.107576 0.349683 0 0 0.491468 0.45725 
166600 0.0340027 0.107546 0.348554 0 0 0.490224 0.456091 
166800 0.033931 0.107516 0.347426 0 0 0.488979 0.454932 
167000 0.0338593 0.107486 0.346298 0 0 0.487734 0.453774 
167200 0.0337876 0.107456 0.345169 0 0 0.48649 0.452615 
167400 0.0337159 0.107426 0.344041 0 0 0.485245 0.451456 
167600 0.0336442 0.107396 0.342913 0 0 0.484 0.450298 
167800 0.0335726 0.107366 0.341785 0 0 0.482756 0.449139 
168000 0.0335009 0.107336 0.340656 0 0 0.481511 0.44798 
168200 0.0334292 0.107306 0.339528 0 0 0.480266 0.446822 
168400 0.0333575 0.107276 0.3384 0 0 0.479022 0.445663 
168600 0.0332858 0.107247 0.337271 0 0 0.477777 0.444504 
168800 0.0332141 0.107217 0.336143 0 0 0.476533 0.443346 
169000 0.0331424 0.107187 0.335015 0 0 0.475288 0.442187 
169200 0.0330729 0.107156 0.333929 0 0 0.474111 0.441072 
169400 0.0330035 0.107126 0.332844 0 0 0.472934 0.439957 
169600 0.032934 0.107095 0.331758 0 0 0.471756 0.438842 
169800 0.0328645 0.107065 0.330673 0 0 0.470579 0.437727 
170000 0.032795 0.107034 0.329587 0 0 0.469402 0.436613 
170200 0.0327255 0.107003 0.328502 0 0 0.468225 0.435498 
170400 0.032656 0.106973 0.327417 0 0 0.467048 0.434383 
170600 0.0325865 0.106942 0.326331 0 0 0.46587 0.433268 
170800 0.0325171 0.106912 0.325246 0 0 0.464693 0.432153 
171000 0.0324476 0.106881 0.32416 0 0 0.463516 0.431038 
171200 0.0323781 0.106851 0.323075 0 0 0.462339 0.429923 
171400 0.0323086 0.10682 0.321989 0 0 0.461162 0.428809 
171600 0.0322391 0.10679 0.320904 0 0 0.459984 0.427694 
171800 0.0321696 0.106759 0.319818 0 0 0.458807 0.426579 
172000 0.0321001 0.106729 0.318733 0 0 0.45763 0.425464 
172200 0.0320307 0.106698 0.317648 0 0 0.456453 0.424349 
172400 0.0319622 0.106667 0.316598 0 0 0.455305 0.423268 
172600 0.0318949 0.106635 0.315583 0 0 0.454187 0.42222 
172800 0.0318276 0.106604 0.314569 0 0 0.453069 0.421172 
173000 0.0317602 0.106572 0.313555 0 0 0.451951 0.420124 
173200 0.0316929 0.10654 0.312541 0 0 0.450832 0.419076 
173400 0.0316256 0.106509 0.311526 0 0 0.449714 0.418028 
173600 0.0315582 0.106477 0.310512 0 0 0.448596 0.41698 
173800 0.0314909 0.106446 0.309498 0 0 0.447478 0.415933 
174000 0.0314235 0.106414 0.308484 0 0 0.44636 0.414885 
174200 0.0313562 0.106382 0.307469 0 0 0.445241 0.413837 
174400 0.0312889 0.106351 0.306455 0 0 0.444123 0.412789 
174600 0.0312215 0.106319 0.305441 0 0 0.443005 0.411741 
174800 0.0311542 0.106287 0.304427 0 0 0.441887 0.410693 
175000 0.0310869 0.106256 0.303412 0 0 0.440769 0.409645 
175200 0.0310195 0.106224 0.302398 0 0 0.43965 0.408597 
175400 0.0309522 0.106192 0.301384 0 0 0.438532 0.407549 
175600 0.0308848 0.106161 0.30037 0 0 0.437414 0.406501 
175800 0.0308236 0.106131 0.29946 0 0 0.43641 0.405566 
176000 0.0307624 0.106102 0.298551 0 0 0.435407 0.404631 
176200 0.0307011 0.106073 0.297641 0 0 0.434403 0.403696 
176400 0.0306399 0.106044 0.296732 0 0 0.433399 0.40276 
176600 0.0305786 0.106014 0.295822 0 0 0.432396 0.401825 
176800 0.0305174 0.105985 0.294913 0 0 0.431392 0.40089 
177000 0.0304562 0.105956 0.294004 0 0 0.430389 0.399955 
177200 0.0303949 0.105927 0.293094 0 0 0.429385 0.39902 
177400 0.0303337 0.105897 0.292185 0 0 0.428381 0.398084 
177600 0.0302724 0.105868 0.291275 0 0 0.427378 0.397149 
177800 0.0302112 0.105839 0.290366 0 0 0.426374 0.396214 
178000 0.0301499 0.10581 0.289456 0 0 0.42537 0.395279 
178200 0.0300887 0.10578 0.288547 0 0 0.424367 0.394343 
178400 0.0300275 0.105751 0.287638 0 0 0.423363 0.393408 
178600 0.0299662 0.105722 0.286728 0 0 0.422359 0.392473 
178800 0.029905 0.105693 0.285819 0 0 0.421356 0.391538 
179000 0.0298437 0.105663 0.284909 0 0 0.420352 0.390602 
179200 0.0297835 0.105634 0.284024 0 0 0.41938 0.389686 
179400 0.0297242 0.105604 0.283163 0 0 0.41844 0.388789 
179600 0.0296649 0.105574 0.282302 0 0 0.4175 0.387893 
179800 0.0296057 0.105544 0.281442 0 0 0.41656 0.386996 
180000 0.0295464 0.105514 0.280581 0 0 0.415619 0.386099 
180200 0.0294871 0.105485 0.27972 0 0 0.414679 0.385202 
180400 0.0294278 0.105455 0.278859 0 0 0.413739 0.384305 
180600 0.0293685 0.105425 0.277998 0 0 0.412799 0.383408 
180800 0.0293093 0.105395 0.277137 0 0 0.411858 0.382511 
181000 0.02925 0.105365 0.276277 0 0 0.410918 0.381614 
181200 0.0291907 0.105335 0.275416 0 0 0.409978 0.380718 
181400 0.0291314 0.105306 0.274555 0 0 0.409038 0.379821 
181600 0.0290722 0.105276 0.273694 0 0 0.408098 0.378924 
181800 0.0290129 0.105246 0.272833 0 0 0.407157 0.378027 
182000 0.0289536 0.105216 0.271972 0 0 0.406217 0.37713 
182200 0.0288943 0.105186 0.271112 0 0 0.405277 0.376233 
182400 0.0288351 0.105156 0.270251 0 0 0.404337 0.375336 
182600 0.0287758 0.105127 0.26939 0 0 0.403396 0.37444 
182800 0.0287186 0.105096 0.268576 0 0 0.402483 0.373604 
183000 0.0286614 0.105066 0.267762 0 0 0.40157 0.372768 
183200 0.0286042 0.105036 0.266948 0 0 0.400656 0.371933 
183400 0.0285471 0.105006 0.266134 0 0 0.399743 0.371097 
183600 0.0284899 0.104976 0.26532 0 0 0.39883 0.370262 
183800 0.0284327 0.104946 0.264506 0 0 0.397916 0.369426 
184000 0.0283755 0.104916 0.263691 0 0 0.397003 0.36859 
184200 0.0283183 0.104886 0.262877 0 0 0.39609 0.367755 
184400 0.0282611 0.104856 0.262063 0 0 0.395176 0.366919 
184600 0.0282039 0.104826 0.261249 0 0 0.394263 0.366084 
184800 0.0281468 0.104796 0.260435 0 0 0.39335 0.365248 
185000 0.0280896 0.104766 0.259621 0 0 0.392436 0.364413 
185200 0.0280324 0.104736 0.258807 0 0 0.391523 0.363577 
185400 0.0279752 0.104706 0.257993 0 0 0.39061 0.362741 
185600 0.027918 0.104676 0.257179 0 0 0.389696 0.361906 
185800 0.0278608 0.104646 0.256365 0 0 0.388783 0.36107 
186000 0.0278036 0.104616 0.255551 0 0 0.38787 0.360235 
186200 0.0277488 0.104586 0.254779 0 0 0.387011 0.359435 
186400 0.0276964 0.104558 0.25405 0 0 0.386206 0.35867 
186600 0.027644 0.104529 0.25332 0 0 0.385401 0.357905 
186800 0.0275916 0.1045 0.25259 0 0 0.384596 0.35714 
187000 0.0275392 0.104471 0.251861 0 0 0.383791 0.356375 
187200 0.0274868 0.104443 0.251131 0 0 0.382987 0.35561 
187400 0.0274344 0.104414 0.250402 0 0 0.382182 0.354845 
187600 0.027382 0.104385 0.249672 0 0 0.381377 0.354081 
187800 0.0273296 0.104356 0.248943 0 0 0.380572 0.353316 
188000 0.0272771 0.104328 0.248213 0 0 0.379767 0.352551 
188200 0.0272247 0.104299 0.247484 0 0 0.378962 0.351786 
188400 0.0271723 0.10427 0.246754 0 0 0.378158 0.351021 
188600 0.0271199 0.104241 0.246025 0 0 0.377353 0.350256 
188800 0.0270675 0.104213 0.245295 0 0 0.376548 0.349491 
189000 0.0270151 0.104184 0.244566 0 0 0.375743 0.348727 
189200 0.0269627 0.104155 0.243836 0 0 0.374938 0.347962 
189400 0.0269103 0.104126 0.243106 0 0 0.374133 0.347197 
189600 0.0268579 0.104098 0.242377 0 0 0.373329 0.346432 
189800 0.0268054 0.104069 0.241647 0 0 0.372524 0.345667 
190000 0.0267547 0.10404 0.240957 0 0 0.371754 0.34495 
190200 0.026704 0.104012 0.240266 0 0 0.370984 0.344233 
190400 0.0266533 0.103983 0.239575 0 0 0.370215 0.343517 
190600 0.0266025 0.103955 0.238885 0 0 0.369445 0.3428 
190800 0.0265518 0.103926 0.238194 0 0 0.368675 0.342083 
191000 0.0265011 0.103897 0.237503 0 0 0.367906 0.341366 
191200 0.0264504 0.103869 0.236813 0 0 0.367136 0.340649 
191400 0.0263996 0.10384 0.236122 0 0 0.366366 0.339932 
191600 0.0263489 0.103812 0.235431 0 0 0.365597 0.339215 
191800 0.0262982 0.103783 0.234741 0 0 0.364827 0.338499 
192000 0.0262475 0.103755 0.23405 0 0 0.364057 0.337782 
192200 0.0261967 0.103726 0.23336 0 0 0.363288 0.337065 
192400 0.026146 0.103697 0.232669 0 0 0.362518 0.336348 
192600 0.0260953 0.103669 0.231978 0 0 0.361748 0.335631 
192800 0.0260445 0.10364 0.231288 0 0 0.360979 0.334914 
193000 0.0259938 0.103612 0.230597 0 0 0.360209 0.334197 
193200 0.0259431 0.103583 0.229906 0 0 0.359439 0.33348 
193400 0.0258924 0.103554 0.229216 0 0 0.35867 0.332764 
193600 0.0258432 0.103526 0.228552 0 0 0.357926 0.332073 
193800 0.0257956 0.103499 0.227915 0 0 0.357209 0.331408 
194000 0.0257479 0.103472 0.227278 0 0 0.356492 0.330744 
194200 0.0257003 0.103444 0.226642 0 0 0.355775 0.330079 
194400 0.0256526 0.103417 0.226005 0 0 0.355058 0.329414 
194600 0.025605 0.103389 0.225368 0 0 0.354341 0.32875 
194800 0.0255574 0.103362 0.224731 0 0 0.353624 0.328085 
195000 0.0255097 0.103334 0.224095 0 0 0.352906 0.327421 
195200 0.0254621 0.103307 0.223458 0 0 0.352189 0.326756 
195400 0.0254144 0.103279 0.222821 0 0 0.351472 0.326091 
195600 0.0253668 0.103252 0.222185 0 0 0.350755 0.325427 
195800 0.0253192 0.103224 0.221548 0 0 0.350038 0.324762 
196000 0.0252715 0.103197 0.220911 0 0 0.349321 0.324097 
196200 0.0252239 0.103169 0.220274 0 0 0.348604 0.323433 
196400 0.0251762 0.103142 0.219638 0 0 0.347887 0.322768 
196600 0.0251286 0.103114 0.219001 0 0 0.347169 0.322104 
196800 0.025081 0.103087 0.218364 0 0 0.346452 0.321439 
197000 0.0250333 0.103059 0.217727 0 0 0.345735 0.320774 
197200 0.0249857 0.103032 0.217091 0 0 0.345018 0.32011 
197400 0.0249388 0.103003 0.21647 0 0 0.344322 0.319461 
197600 0.0248928 0.102974 0.215865 0 0 0.343648 0.318828 
197800 0.0248467 0.102945 0.21526 0 0 0.342974 0.318196 
198000 0.0248007 0.102916 0.214655 0 0 0.342299 0.317563 
198200 0.0247546 0.102886 0.21405 0 0 0.341625 0.316931 
198400 0.0247086 0.102857 0.213445 0 0 0.34095 0.316298 
198600 0.0246625 0.102828 0.21284 0 0 0.340276 0.315665 
198800 0.0246165 0.102798 0.212235 0 0 0.339602 0.315033 
199000 0.0245704 0.102769 0.21163 0 0 0.338927 0.3144 
199200 0.0245243 0.10274 0.211025 0 0 0.338253 0.313767 
199400 0.0244783 0.102711 0.210421 0 0 0.337579 0.313135 
199600 0.0244322 0.102681 0.209816 0 0 0.336904 0.312502 
199800 0.0243862 0.102652 0.209211 0 0 0.33623 0.311869 
200000 0.0243401 0.102623 0.208606 0 0 0.335555 0.311237 
