1000 1.82515 0.00994253 3803.99 0 0 3806.79 3803.99 
1200 1.77199 0.0131478 2381.72 0 0 2382.54 2381.72 
1400 1.71879 0.016479 3270.2 0 0 3272.13 3270.2 
1600 1.66334 0.0197995 2353.72 0 0 2355.65 2353.72 
1800 1.60697 0.0231091 1731.26 0 0 1732.99 1731.26 
2000 1.55044 0.0264213 1303.86 0 0 1305.31 1303.86 
2200 1.49504 0.0297225 1008.22 0 0 1009.71 1008.22 
2400 1.44066 0.0330132 796.631 0 0 798.216 796.699 
2600 1.38754 0.0362916 640.531 0 0 641.926 640.656 
2800 1.33577 0.0395547 522.631 0 0 524.08 522.702 
3000 1.28569 0.0427917 431.648 0 0 432.963 431.668 
3200 1.23712 0.0459946 360.491 0 0 361.848 360.61 
3400 1.19026 0.0491557 304.084 0 0 305.313 304.123 
3600 1.14503 0.0522737 258.629 0 0 259.847 258.672 
3800 1.1017 0.0553109 221.765 0 0 222.964 221.9 
4000 1.05979 0.0583155 191.504 0 0 192.587 191.543 
4200 1.01973 0.0612405 166.58 0 0 167.647 166.622 
4400 0.981184 0.0640938 145.672 0 0 146.729 145.739 
4600 0.944277 0.066871 128.08 0 0 129.087 128.149 
4800 0.908824 0.0695798 113.203 0 0 114.186 113.279 
5000 0.87507 0.0722056 100.518 0 0 101.474 100.585 
5200 0.842752 0.0747484 89.6941 0 0 90.608 89.7521 
5400 0.811912 0.0772349 80.3059 0 0 81.1917 80.3735 
5600 0.782284 0.0796038 72.1781 0 0 73.0384 72.2468 
5800 0.754176 0.0819328 65.0975 0 0 65.9494 65.1845 
6000 0.727276 0.0841625 58.8954 0 0 59.717 58.9824 
6200 0.701748 0.0863025 53.4842 0 0 54.2738 53.5779 
6400 0.67725 0.088392 48.6651 0 0 49.426 48.7503 
6600 0.653879 0.0904024 44.4307 0 0 45.1743 44.5264 
6800 0.631744 0.0923368 40.6455 0 0 41.364 40.7333 
7000 0.610379 0.0942011 37.2929 0 0 37.9965 37.3862 
7200 0.590114 0.0960084 34.2616 0 0 34.9493 34.3602 
7400 0.570955 0.0977418 31.5846 0 0 32.2515 31.6808 
7600 0.552477 0.0994134 29.1441 0 0 29.7965 29.2445 
7800 0.535014 0.101032 26.9695 0 0 27.6029 27.0707 
8000 0.518102 0.102586 24.9829 0 0 25.5996 25.0873 
8200 0.502048 0.104085 23.2053 0 0 23.8158 23.3112 
8400 0.486763 0.105527 21.575 0 0 22.1686 21.6813 
8600 0.472209 0.106924 20.1001 0 0 20.6774 20.2069 
8800 0.458161 0.108263 18.752 0 0 19.32 18.8603 
9000 0.444811 0.109547 17.5233 0 0 18.0787 17.6315 
9200 0.431992 0.110807 16.3958 0 0 16.938 16.5041 
9400 0.419747 0.112018 15.3572 0 0 15.8916 15.4694 
9600 0.408098 0.113181 14.4019 0 0 14.9242 14.515 
9800 0.396817 0.114305 13.5248 0 0 14.0356 13.6388 
10000 0.386102 0.115384 12.7177 0 0 13.2193 12.8327 
10200 0.376049 0.116409 11.9898 0 0 12.4808 12.1048 
10400 0.365771 0.117462 11.2706 0 0 11.7536 11.3886 
10600 0.35662 0.118419 10.6511 0 0 11.1276 10.7709 
10800 0.347672 0.119349 10.0692 0 0 10.5366 10.1882 
11000 0.338934 0.12027 9.51717 0 0 9.97618 9.63607 
11200 0.330356 0.121174 8.99401 0 0 9.44555 9.11539 
11400 0.322305 0.122026 8.51937 0 0 8.96309 8.64117 
11600 0.314729 0.122842 8.08563 0 0 8.52359 8.20869 
11800 0.307195 0.12365 7.66713 0 0 8.09886 7.79139 
12000 0.300032 0.124425 7.27928 0 0 7.70427 7.40397 
12200 0.29324 0.125173 6.92108 0 0 7.33979 7.04602 
12400 0.286421 0.125928 6.57436 0 0 6.98714 6.70002 
12600 0.280203 0.126624 6.26814 0 0 6.67474 6.3938 
12800 0.273898 0.12731 5.96639 0 0 6.36656 6.09205 
13000 0.267868 0.127986 5.68385 0 0 6.07992 5.81221 
13200 0.262122 0.12864 5.42198 0 0 5.81348 5.55227 
13400 0.256598 0.129268 5.17749 0 0 5.5629 5.30738 
13600 0.2512 0.12987 4.94386 0 0 5.32497 5.07361 
13800 0.246081 0.130453 4.72855 0 0 5.10524 4.859 
14000 0.241083 0.13103 4.52306 0 0 4.89502 4.65408 
14200 0.236202 0.131598 4.32677 0 0 4.69387 4.4581 
14400 0.231576 0.132144 4.14532 0 0 4.50842 4.27707 
14600 0.226992 0.132679 3.97154 0 0 4.33073 4.10401 
14800 0.222527 0.1332 3.80521 0 0 4.16079 3.93837 
15000 0.21826 0.133701 3.64798 0 0 4.0004 3.78156 
15200 0.214137 0.13419 3.50262 0 0 3.85149 3.63729 
15400 0.210108 0.134677 3.36221 0 0 3.70711 3.49684 
15600 0.206254 0.135147 3.22895 0 0 3.5696 3.36332 
15800 0.202554 0.135579 3.10652 0 0 3.44447 3.24171 
16000 0.198907 0.136017 2.98751 0 0 3.32254 3.12332 
16200 0.195328 0.136466 2.87277 0 0 3.20443 3.00883 
16400 0.191791 0.136883 2.76332 0 0 3.09225 2.90016 
16600 0.188366 0.137289 2.65868 0 0 2.98483 2.79634 
16800 0.185184 0.137682 2.56307 0 0 2.88606 2.70144 
17000 0.182045 0.138066 2.47105 0 0 2.79141 2.60989 
17200 0.178929 0.138447 2.38095 0 0 2.69896 2.52014 
17400 0.175894 0.138828 2.29647 0 0 2.61132 2.43578 
17600 0.172949 0.139197 2.21523 0 0 2.52706 2.3547 
17800 0.170171 0.139545 2.14 0 0 2.44907 2.27969 
18000 0.167429 0.139887 2.06703 0 0 2.37406 2.20693 
18200 0.164712 0.140224 1.99555 0 0 2.30104 2.13568 
18400 0.162055 0.140561 1.92831 0 0 2.23121 2.06865 
18600 0.15943 0.140895 1.86245 0 0 2.16267 2.00306 
18800 0.15699 0.141203 1.80247 0 0 2.1006 1.94371 
19000 0.154566 0.141509 1.74346 0 0 2.03952 1.88521 
19200 0.152188 0.141806 1.68734 0 0 1.98142 1.82931 
19400 0.149834 0.142104 1.63256 0 0 1.92465 1.77495 
19600 0.147514 0.142402 1.57979 0 0 1.86989 1.72291 
19800 0.14529 0.142683 1.53001 0 0 1.81809 1.67315 
20000 0.143145 0.142952 1.48268 0 0 1.7687 1.62525 
20200 0.141052 0.143216 1.43767 0 0 1.72217 1.58067 
20400 0.138965 0.143478 1.39325 0 0 1.67587 1.53665 
20600 0.13695 0.143737 1.35119 0 0 1.63196 1.49486 
20800 0.134973 0.143993 1.3104 0 0 1.58933 1.45426 
21000 0.133055 0.144236 1.27176 0 0 1.54897 1.41587 
21200 0.131169 0.144472 1.23427 0 0 1.50984 1.37867 
21400 0.129338 0.144709 1.19857 0 0 1.47259 1.34324 
21600 0.127543 0.144949 1.16404 0 0 1.43659 1.30899 
21800 0.125775 0.145177 1.13056 0 0 1.40161 1.27576 
22000 0.124035 0.145393 1.09811 0 0 1.36764 1.24354 
22200 0.122328 0.145607 1.06673 0 0 1.33476 1.21238 
22400 0.120669 0.145819 1.03697 0 0 1.30351 1.18279 
22600 0.119028 0.146028 1.00779 0 0 1.27287 1.1538 
22800 0.117442 0.14623 0.980378 0 0 1.24405 1.12656 
23000 0.11586 0.146431 0.953069 0 0 1.21534 1.09942 
23200 0.114352 0.146625 0.927808 0 0 1.18875 1.07438 
23400 0.112844 0.146818 0.902548 0 0 1.16215 1.04933 
23600 0.111399 0.147001 0.878903 0 0 1.13727 1.0259 
23800 0.10997 0.147182 0.855662 0 0 1.11281 1.00287 
24000 0.108569 0.147359 0.833348 0 0 1.08925 0.98072 
24200 0.107195 0.147531 0.811959 0 0 1.06658 0.959455 
24400 0.105832 0.147703 0.790812 0 0 1.04419 0.938437 
24600 0.104531 0.147864 0.771037 0 0 1.02333 0.918823 
24800 0.10323 0.148025 0.751262 0 0 1.00247 0.899209 
25000 0.101948 0.148183 0.732423 0 0 0.982509 0.880501 
25200 0.100671 0.14834 0.713896 0 0 0.962854 0.862095 
25400 0.0994255 0.148492 0.695981 0 0 0.943827 0.844326 
25600 0.0982385 0.148635 0.679201 0 0 0.925964 0.827739 
25800 0.0970515 0.148778 0.66242 0 0 0.908101 0.811152 
26000 0.0958875 0.148918 0.646462 0 0 0.891224 0.795387 
26200 0.0947276 0.149057 0.630648 0 0 0.874521 0.779766 
26400 0.0935937 0.149193 0.615385 0 0 0.858316 0.764643 
26600 0.0925081 0.149323 0.601146 0 0 0.843036 0.750441 
26800 0.0914225 0.149453 0.586908 0 0 0.827756 0.736239 
27000 0.0903565 0.149578 0.573254 0 0 0.813146 0.722735 
27200 0.0892969 0.149701 0.559796 0 0 0.798758 0.709462 
27400 0.0882481 0.149822 0.546535 0 0 0.784574 0.696371 
27600 0.08726 0.149937 0.534392 0 0 0.771543 0.684306 
27800 0.0862719 0.150051 0.522248 0 0 0.758511 0.672242 
28000 0.0852951 0.150163 0.510417 0 0 0.745818 0.660531 
28200 0.0843321 0.15027 0.498968 0 0 0.733539 0.649254 
28400 0.083369 0.150377 0.487519 0 0 0.721259 0.637977 
28600 0.0824473 0.150479 0.476869 0 0 0.709775 0.627391 
28800 0.0815394 0.150579 0.466485 0 0 0.698555 0.617034 
29000 0.0806315 0.150679 0.456101 0 0 0.687336 0.606678 
29200 0.0797613 0.150771 0.446483 0 0 0.676948 0.597138 
29400 0.078893 0.150863 0.436905 0 0 0.666603 0.587642 
29600 0.0780273 0.150954 0.427375 0 0 0.656313 0.578202 
29800 0.077185 0.151042 0.41828 0 0 0.646509 0.569272 
30000 0.0763427 0.151129 0.409184 0 0 0.636705 0.560343 
30200 0.0755153 0.151216 0.400501 0 0 0.627227 0.551641 
30400 0.0747191 0.151295 0.392289 0 0 0.618314 0.543515 
30600 0.0739229 0.151374 0.384078 0 0 0.609402 0.535389 
30800 0.0731384 0.151451 0.376059 0 0 0.600689 0.527459 
31000 0.0723812 0.151525 0.368487 0 0 0.59244 0.519983 
31200 0.071624 0.151599 0.360915 0 0 0.584192 0.512508 
31400 0.0708798 0.15167 0.353548 0 0 0.576145 0.505227 
31600 0.0701658 0.151732 0.346657 0 0 0.568568 0.498399 
31800 0.0694517 0.151795 0.339766 0 0 0.560991 0.49157 
32000 0.0687414 0.151857 0.332955 0 0 0.553508 0.484816 
32200 0.0680461 0.151919 0.326463 0 0 0.546398 0.478362 
32400 0.0673507 0.151982 0.319971 0 0 0.539289 0.471907 
32600 0.0666591 0.152043 0.313537 0 0 0.532238 0.465515 
32800 0.0660006 0.152101 0.307622 0 0 0.525714 0.459685 
33000 0.0653421 0.152158 0.301708 0 0 0.519189 0.453856 
33200 0.0646836 0.152216 0.295793 0 0 0.512665 0.448026 
33400 0.0640529 0.152267 0.290261 0 0 0.506605 0.442544 
33600 0.0634254 0.152317 0.28477 0 0 0.500597 0.437102 
33800 0.0627978 0.152368 0.27928 0 0 0.494589 0.431659 
34000 0.0621898 0.152412 0.274076 0 0 0.488812 0.426502 
34200 0.0615923 0.152453 0.269026 0 0 0.483159 0.421499 
34400 0.0609947 0.152494 0.263976 0 0 0.477506 0.416496 
34600 0.0604073 0.152537 0.259074 0 0 0.47204 0.41164 
34800 0.0598387 0.152582 0.254446 0 0 0.466923 0.407057 
35000 0.0592701 0.152628 0.249818 0 0 0.461805 0.402474 
35200 0.0587015 0.152673 0.245189 0 0 0.456688 0.397892 
35400 0.0581491 0.152705 0.240842 0 0 0.451787 0.393563 
35600 0.0575976 0.152737 0.236509 0 0 0.446897 0.389247 
35800 0.0570461 0.152768 0.232176 0 0 0.442007 0.384931 
36000 0.0565163 0.152797 0.22807 0 0 0.437381 0.380854 
36200 0.0560044 0.152824 0.224149 0 0 0.43297 0.376971 
36400 0.0554925 0.152851 0.220228 0 0 0.428559 0.373088 
36600 0.0549807 0.152879 0.216308 0 0 0.424148 0.369206 
36800 0.0544824 0.152906 0.212632 0 0 0.419992 0.365541 
37000 0.0539841 0.152933 0.208956 0 0 0.415837 0.361876 
37200 0.0534858 0.15296 0.20528 0 0 0.411682 0.358211 
37400 0.0529984 0.152984 0.201745 0 0 0.407688 0.354698 
37600 0.0525244 0.153002 0.198382 0 0 0.403891 0.351372 
37800 0.0520504 0.153021 0.195018 0 0 0.400093 0.348046 
38000 0.0515763 0.153039 0.191655 0 0 0.396295 0.34472 
38200 0.0511269 0.153057 0.188504 0 0 0.392719 0.341596 
38400 0.0506835 0.153075 0.185405 0 0 0.389198 0.338524 
38600 0.0502401 0.153094 0.182307 0 0 0.385677 0.335451 
38800 0.0497974 0.153111 0.17922 0 0 0.382166 0.332389 
39000 0.049367 0.153122 0.176343 0 0 0.378846 0.329512 
39200 0.0489365 0.153132 0.173467 0 0 0.375526 0.326635 
39400 0.0485061 0.153142 0.17059 0 0 0.372206 0.323759 
39600 0.0480812 0.153152 0.167777 0 0 0.368972 0.320946 
39800 0.0476693 0.15316 0.165113 0 0 0.365938 0.318281 
40000 0.0472575 0.153169 0.162448 0 0 0.362903 0.315617 
40200 0.0468587 0.153175 0.159911 0 0 0.359931 0.313079 
40400 0.0464648 0.153179 0.157419 0 0 0.357024 0.310588 
40600 0.0460782 0.153182 0.154997 0 0 0.354215 0.308165 
40800 0.0456916 0.153184 0.152574 0 0 0.351405 0.305743 
41000 0.0453049 0.153187 0.150151 0 0 0.348596 0.30332 
41200 0.0449259 0.153188 0.147801 0 0 0.34587 0.300974 
41400 0.0445561 0.153188 0.145539 0 0 0.343246 0.298722 
41600 0.0441864 0.153188 0.143277 0 0 0.340621 0.29647 
41800 0.0438167 0.153188 0.141016 0 0 0.337997 0.294218 
42000 0.0434542 0.153186 0.138842 0 0 0.335467 0.292043 
42200 0.0431006 0.153181 0.136777 0 0 0.333053 0.289964 
42400 0.0427469 0.153176 0.134712 0 0 0.330639 0.287884 
42600 0.0423933 0.153172 0.132646 0 0 0.328225 0.285805 
42800 0.042046 0.153166 0.130633 0 0 0.32586 0.283782 
43000 0.0417106 0.153159 0.128716 0 0 0.323587 0.281862 
43200 0.0413752 0.153152 0.126799 0 0 0.321313 0.279943 
43400 0.0410398 0.153145 0.124882 0 0 0.31904 0.278024 
43600 0.0407088 0.153138 0.123001 0 0 0.31681 0.27614 
43800 0.0403949 0.153129 0.121261 0 0 0.314756 0.274395 
44000 0.0400811 0.15312 0.119521 0 0 0.312701 0.272651 
44200 0.0397673 0.153111 0.117781 0 0 0.310647 0.270906 
44400 0.0394535 0.153102 0.116041 0 0 0.308592 0.269162 
44600 0.0391466 0.153089 0.114396 0 0 0.30663 0.267507 
44800 0.0388404 0.153075 0.112762 0 0 0.304679 0.265861 
45000 0.0385343 0.153062 0.111128 0 0 0.302728 0.264216 
45200 0.0382281 0.153048 0.109494 0 0 0.300777 0.26257 
45400 0.0379349 0.153034 0.107949 0 0 0.298925 0.261002 
45600 0.0376503 0.153019 0.106463 0 0 0.29714 0.259486 
45800 0.0373658 0.153003 0.104977 0 0 0.295354 0.25797 
46000 0.0370812 0.152988 0.103491 0 0 0.293569 0.256454 
46200 0.0367981 0.152972 0.102021 0 0 0.291798 0.254955 
46400 0.0365232 0.152953 0.10064 0 0 0.290114 0.253555 
46600 0.0362482 0.152934 0.0992589 0 0 0.28843 0.252154 
46800 0.0359733 0.152914 0.0978777 0 0 0.286746 0.250754 
47000 0.0356983 0.152895 0.0964966 0 0 0.285062 0.249353 
47200 0.0354325 0.152871 0.0951882 0 0 0.283476 0.24803 
47400 0.0351715 0.152843 0.093919 0 0 0.281942 0.246748 
47600 0.0349105 0.152816 0.0926498 0 0 0.280408 0.245466 
47800 0.0346495 0.152789 0.0913806 0 0 0.278874 0.244184 
48000 0.0343893 0.152762 0.0901166 0 0 0.277344 0.242907 
48200 0.0341446 0.152741 0.0889526 0 0 0.275888 0.241718 
48400 0.0338999 0.152721 0.0877886 0 0 0.274431 0.24053 
48600 0.0336551 0.1527 0.0866245 0 0 0.272975 0.239341 
48800 0.0334104 0.152679 0.0854605 0 0 0.271519 0.238152 
49000 0.0331693 0.152656 0.0843275 0 0 0.270106 0.236993 
49200 0.0329349 0.152628 0.0832521 0 0 0.268773 0.23589 
49400 0.0327005 0.1526 0.0821768 0 0 0.26744 0.234786 
49600 0.0324661 0.152572 0.0811014 0 0 0.266107 0.233683 
49800 0.0322317 0.152543 0.0800261 0 0 0.264774 0.232579 
50000 0.0319967 0.152511 0.0789719 0 0 0.263517 0.231483 
50200 0.0317737 0.15248 0.0779805 0 0 0.262271 0.230463 
50400 0.0315507 0.152448 0.0769892 0 0 0.261026 0.229442 
50600 0.0313277 0.152417 0.0759979 0 0 0.259781 0.228422 
50800 0.0311047 0.152386 0.0750065 0 0 0.258535 0.227401 
51000 0.0308908 0.152354 0.0740704 0 0 0.257352 0.226437 
51200 0.0306809 0.152323 0.0731579 0 0 0.256196 0.225498 
51400 0.0304709 0.152293 0.0722454 0 0 0.25504 0.224558 
51600 0.030261 0.152262 0.071333 0 0 0.253884 0.223619 
51800 0.030051 0.152231 0.0704205 0 0 0.252728 0.222679 
52000 0.0298457 0.152199 0.0695545 0 0 0.251618 0.221783 
52200 0.0296425 0.152166 0.0687085 0 0 0.250527 0.220907 
52400 0.0294392 0.152134 0.0678625 0 0 0.249436 0.22003 
52600 0.0292359 0.152101 0.0670165 0 0 0.248345 0.219154 
52800 0.0290326 0.152068 0.0661704 0 0 0.247253 0.218277 
53000 0.028839 0.152033 0.0653741 0 0 0.246222 0.217441 
53200 0.0286505 0.151996 0.0646045 0 0 0.245222 0.216627 
53400 0.028462 0.151959 0.063835 0 0 0.244221 0.215813 
53600 0.0282735 0.151921 0.0630654 0 0 0.243221 0.214998 
53800 0.028085 0.151884 0.0622958 0 0 0.242221 0.214184 
54000 0.0278995 0.151847 0.0615494 0 0 0.24125 0.213395 
54200 0.0277176 0.15181 0.0608314 0 0 0.240315 0.212636 
54400 0.0275357 0.151774 0.0601133 0 0 0.23938 0.211878 
54600 0.0273538 0.151737 0.0593953 0 0 0.238444 0.211119 
54800 0.0271719 0.1517 0.0586772 0 0 0.237509 0.210361 
55000 0.0269916 0.151662 0.05797 0 0 0.236588 0.209614 
55200 0.0268178 0.151621 0.0573058 0 0 0.235725 0.208913 
55400 0.026644 0.151579 0.0566416 0 0 0.234861 0.208212 
55600 0.0264702 0.151537 0.0559775 0 0 0.233997 0.207511 
55800 0.0262964 0.151496 0.0553133 0 0 0.233134 0.20681 
56000 0.0261225 0.151454 0.0546492 0 0 0.23227 0.206109 
56200 0.0259578 0.151412 0.0540357 0 0 0.23145 0.205455 
56400 0.0257948 0.15137 0.0534311 0 0 0.230638 0.20481 
56600 0.0256317 0.151328 0.0528265 0 0 0.229826 0.204165 
56800 0.0254686 0.151286 0.052222 0 0 0.229015 0.20352 
57000 0.0253055 0.151244 0.0516174 0 0 0.228203 0.202875 
57200 0.0251456 0.151202 0.0510289 0 0 0.227408 0.202245 
57400 0.0249916 0.15116 0.0504704 0 0 0.226645 0.201643 
57600 0.0248376 0.151119 0.0499118 0 0 0.225882 0.20104 
57800 0.0246837 0.151077 0.0493532 0 0 0.225119 0.200438 
58000 0.0245297 0.151036 0.0487947 0 0 0.224356 0.199836 
58200 0.0243757 0.150994 0.0482361 0 0 0.223593 0.199233 
58400 0.0242266 0.150951 0.0477103 0 0 0.222873 0.198662 
58600 0.0240791 0.150907 0.0471955 0 0 0.222168 0.1981 
58800 0.0239315 0.150863 0.0466806 0 0 0.221462 0.197539 
59000 0.023784 0.150819 0.0461658 0 0 0.220757 0.196978 
59200 0.0236365 0.150775 0.045651 0 0 0.220051 0.196416 
59400 0.0234892 0.15073 0.0451375 0 0 0.219347 0.195857 
59600 0.0233479 0.150683 0.0446514 0 0 0.218669 0.195327 
59800 0.0232065 0.150635 0.0441652 0 0 0.217991 0.194798 
60000 0.0230652 0.150588 0.0436791 0 0 0.217313 0.194269 
60200 0.0229288 0.150546 0.0432165 0 0 0.216666 0.193763 
60400 0.0227924 0.150503 0.0427539 0 0 0.216019 0.193257 
60600 0.0226569 0.15046 0.0422973 0 0 0.215383 0.192755 
60800 0.0225239 0.15041 0.0418582 0 0 0.214776 0.192269 
61000 0.0223908 0.150361 0.0414191 0 0 0.21417 0.191782 
61200 0.0222578 0.150312 0.04098 0 0 0.213564 0.191296 
61400 0.0221248 0.150263 0.040541 0 0 0.212958 0.190809 
61600 0.0219917 0.150214 0.0401019 0 0 0.212352 0.190322 
61800 0.0218612 0.150165 0.0396759 0 0 0.211753 0.189848 
62000 0.0217353 0.150117 0.0392743 0 0 0.211168 0.189398 
62200 0.0216094 0.150069 0.0388726 0 0 0.210584 0.188947 
62400 0.0214835 0.150021 0.0384709 0 0 0.209999 0.188497 
62600 0.0213576 0.149973 0.0380693 0 0 0.209414 0.188046 
62800 0.0212317 0.149925 0.0376676 0 0 0.208829 0.187596 
63000 0.0211079 0.149877 0.0372753 0 0 0.208259 0.187154 
63200 0.0209891 0.149829 0.0369047 0 0 0.207721 0.186735 
63400 0.0208703 0.14978 0.0365341 0 0 0.207184 0.186315 
63600 0.0207515 0.149731 0.0361634 0 0 0.206646 0.185895 
63800 0.0206326 0.149682 0.0357928 0 0 0.206109 0.185476 
64000 0.0205138 0.149634 0.0354222 0 0 0.205571 0.185056 
64200 0.0203958 0.149585 0.0350557 0 0 0.205038 0.18464 
64400 0.0202823 0.149537 0.0347124 0 0 0.204531 0.184248 
64600 0.0201688 0.149489 0.034369 0 0 0.204024 0.183855 
64800 0.0200552 0.149441 0.0340257 0 0 0.203516 0.183462 
65000 0.0199417 0.149393 0.0336823 0 0 0.203009 0.183069 
65200 0.0198282 0.149345 0.033339 0 0 0.202502 0.182676 
65400 0.0197147 0.149297 0.0329957 0 0 0.201994 0.182284 
65600 0.0196066 0.149246 0.0326786 0 0 0.201518 0.181915 
65800 0.019499 0.149195 0.0323644 0 0 0.201046 0.18155 
66000 0.0193915 0.149144 0.0320503 0 0 0.200573 0.181184 
66200 0.0192839 0.149092 0.0317362 0 0 0.2001 0.180819 
66400 0.0191764 0.149041 0.031422 0 0 0.199627 0.180453 
66600 0.0190689 0.14899 0.0311079 0 0 0.199155 0.180088 
66800 0.0189647 0.148939 0.0308065 0 0 0.198698 0.179735 
67000 0.0188639 0.148889 0.0305178 0 0 0.198259 0.179396 
67200 0.0187631 0.148838 0.0302291 0 0 0.197819 0.179056 
67400 0.0186623 0.148788 0.0299405 0 0 0.197379 0.178717 
67600 0.0185615 0.148738 0.0296518 0 0 0.196939 0.178378 
67800 0.0184607 0.148688 0.0293632 0 0 0.196499 0.178038 
68000 0.01836 0.148638 0.0290745 0 0 0.19606 0.177699 
68200 0.0182634 0.148584 0.0288066 0 0 0.195644 0.177379 
68400 0.018167 0.14853 0.0285397 0 0 0.19523 0.177061 
68600 0.0180706 0.148477 0.0282728 0 0 0.194816 0.176743 
68800 0.0179743 0.148423 0.028006 0 0 0.194401 0.176424 
69000 0.0178779 0.148369 0.0277391 0 0 0.193987 0.176106 
69200 0.0177815 0.148315 0.0274722 0 0 0.193573 0.175788 
69400 0.0176865 0.148261 0.0272113 0 0 0.193165 0.175474 
69600 0.0175945 0.148207 0.0269641 0 0 0.192771 0.175172 
69800 0.0175026 0.148152 0.0267169 0 0 0.192377 0.17487 
70000 0.0174107 0.148098 0.0264698 0 0 0.191983 0.174568 
70200 0.0173187 0.148044 0.0262226 0 0 0.19159 0.174266 
70400 0.0172268 0.147989 0.0259754 0 0 0.191196 0.173964 
70600 0.0171349 0.147935 0.0257283 0 0 0.190802 0.173661 
70800 0.0170457 0.147882 0.0254924 0 0 0.190423 0.173372 
71000 0.0169589 0.14783 0.0252657 0 0 0.190056 0.173093 
71200 0.016872 0.147778 0.0250391 0 0 0.189689 0.172815 
71400 0.0167852 0.147726 0.0248124 0 0 0.189322 0.172536 
71600 0.0166983 0.147675 0.0245857 0 0 0.188955 0.172257 
71800 0.0166114 0.147623 0.0243591 0 0 0.188588 0.171978 
72000 0.0165246 0.147571 0.0241324 0 0 0.188221 0.171699 
72200 0.0164409 0.147516 0.0239171 0 0 0.187869 0.171431 
72400 0.0163589 0.14746 0.0237078 0 0 0.187524 0.171168 
72600 0.0162769 0.147404 0.0234986 0 0 0.18718 0.170904 
72800 0.0161949 0.147348 0.0232894 0 0 0.186836 0.170641 
73000 0.0161129 0.147291 0.0230802 0 0 0.186492 0.170378 
73200 0.016031 0.147235 0.0228709 0 0 0.186148 0.170115 
73400 0.015949 0.147179 0.0226617 0 0 0.185804 0.169851 
73600 0.0158694 0.147125 0.0224635 0 0 0.185472 0.169599 
73800 0.0157916 0.147073 0.0222726 0 0 0.185148 0.169353 
74000 0.0157137 0.14702 0.0220817 0 0 0.184825 0.169107 
74200 0.0156358 0.146968 0.0218908 0 0 0.184501 0.168862 
74400 0.015558 0.146916 0.0216999 0 0 0.184178 0.168616 
74600 0.0154801 0.146863 0.021509 0 0 0.183854 0.16837 
74800 0.0154023 0.146811 0.0213181 0 0 0.183531 0.168125 
75000 0.015326 0.146758 0.0211324 0 0 0.183214 0.167884 
75200 0.0152521 0.146703 0.0209547 0 0 0.182906 0.167653 
75400 0.0151782 0.146649 0.020777 0 0 0.182599 0.167421 
75600 0.0151043 0.146595 0.0205993 0 0 0.182292 0.167189 
75800 0.0150304 0.146541 0.0204216 0 0 0.181985 0.166958 
76000 0.0149565 0.146486 0.0202439 0 0 0.181678 0.166726 
76200 0.0148827 0.146432 0.0200663 0 0 0.18137 0.166494 
76400 0.0148092 0.146378 0.0198901 0 0 0.181065 0.166264 
76600 0.0147392 0.146322 0.0197274 0 0 0.180779 0.166047 
76800 0.0146692 0.146267 0.0195648 0 0 0.180493 0.165831 
77000 0.0145992 0.146211 0.0194021 0 0 0.180207 0.165614 
77200 0.0145292 0.146156 0.0192395 0 0 0.179921 0.165398 
77400 0.0144593 0.1461 0.0190768 0 0 0.179635 0.165181 
77600 0.0143893 0.146045 0.0189142 0 0 0.179349 0.164965 
77800 0.0143193 0.14599 0.0187515 0 0 0.179063 0.164748 
78000 0.0142516 0.145933 0.0185966 0 0 0.178784 0.164538 
78200 0.0141855 0.145876 0.0184467 0 0 0.178511 0.164332 
78400 0.0141193 0.145819 0.0182969 0 0 0.178237 0.164126 
78600 0.0140532 0.145761 0.0181471 0 0 0.177964 0.16392 
78800 0.0139871 0.145704 0.0179973 0 0 0.17769 0.163714 
79000 0.0139209 0.145647 0.0178474 0 0 0.177417 0.163508 
79200 0.0138548 0.14559 0.0176976 0 0 0.177143 0.163302 
79400 0.0137887 0.145532 0.0175478 0 0 0.17687 0.163096 
79600 0.0137245 0.145481 0.017406 0 0 0.176615 0.162899 
79800 0.0136604 0.145429 0.0172643 0 0 0.176361 0.162703 
80000 0.0135963 0.145378 0.0171225 0 0 0.176106 0.162506 
80200 0.0135338 0.145321 0.0169861 0 0 0.175848 0.162315 
80400 0.0134714 0.145264 0.0168498 0 0 0.175589 0.162124 
80600 0.0134089 0.145207 0.0167135 0 0 0.175331 0.161932 
80800 0.0133464 0.14515 0.0165771 0 0 0.175073 0.161741 
81000 0.0132848 0.145093 0.0164433 0 0 0.174819 0.161551 
81200 0.0132255 0.145039 0.0163171 0 0 0.174578 0.161366 
81400 0.0131663 0.144984 0.0161909 0 0 0.174337 0.161182 
81600 0.0131071 0.144929 0.0160647 0 0 0.174096 0.160997 
81800 0.0130479 0.144875 0.0159385 0 0 0.173856 0.160812 
82000 0.0129887 0.14482 0.0158123 0 0 0.173615 0.160627 
82200 0.0129295 0.144765 0.0156861 0 0 0.173374 0.160442 
82400 0.0128703 0.14471 0.0155599 0 0 0.173133 0.160258 
82600 0.0128118 0.144656 0.0154361 0 0 0.172896 0.160077 
82800 0.0127551 0.1446 0.0153179 0 0 0.172668 0.159905 
83000 0.0126985 0.144545 0.0151998 0 0 0.17244 0.159733 
83200 0.0126418 0.14449 0.0150816 0 0 0.172212 0.159562 
83400 0.0125851 0.144435 0.0149635 0 0 0.171984 0.15939 
83600 0.0125284 0.144379 0.0148453 0 0 0.171756 0.159218 
83800 0.0124718 0.144324 0.0147272 0 0 0.171528 0.159046 
84000 0.0124151 0.144269 0.014609 0 0 0.171299 0.158875 
84200 0.0123593 0.144213 0.0144934 0 0 0.171074 0.158705 
84400 0.0123061 0.144157 0.0143856 0 0 0.170856 0.15854 
84600 0.0122529 0.144101 0.0142779 0 0 0.170638 0.158374 
84800 0.0121997 0.144045 0.0141701 0 0 0.17042 0.158209 
85000 0.0121465 0.143989 0.0140623 0 0 0.170202 0.158044 
85200 0.0120933 0.143932 0.0139545 0 0 0.169984 0.157879 
85400 0.0120401 0.143876 0.0138467 0 0 0.169766 0.157713 
85600 0.0119869 0.14382 0.0137389 0 0 0.169548 0.157548 
85800 0.0119337 0.143764 0.0136311 0 0 0.16933 0.157383 
86000 0.0118828 0.143708 0.0135312 0 0 0.169122 0.157229 
86200 0.0118319 0.143652 0.0134313 0 0 0.168914 0.157075 
86400 0.0117809 0.143597 0.0133314 0 0 0.168705 0.156921 
86600 0.01173 0.143541 0.0132315 0 0 0.168497 0.156767 
86800 0.0116791 0.143486 0.0131316 0 0 0.168288 0.156613 
87000 0.0116281 0.14343 0.0130317 0 0 0.16808 0.156459 
87200 0.0115772 0.143375 0.0129318 0 0 0.167872 0.156305 
87400 0.0115263 0.143319 0.0128319 0 0 0.167663 0.156151 
87600 0.0114773 0.143262 0.0127375 0 0 0.167464 0.156 
87800 0.0114293 0.143204 0.0126462 0 0 0.16727 0.155851 
88000 0.0113814 0.143147 0.0125549 0 0 0.167075 0.155702 
88200 0.0113335 0.143089 0.0124635 0 0 0.166881 0.155553 
88400 0.0112855 0.143032 0.0123722 0 0 0.166686 0.155404 
88600 0.0112376 0.142974 0.0122808 0 0 0.166492 0.155254 
88800 0.0111897 0.142916 0.0121895 0 0 0.166297 0.155105 
89000 0.0111417 0.142859 0.0120981 0 0 0.166103 0.154956 
89200 0.0110941 0.142801 0.0120075 0 0 0.165909 0.154808 
89400 0.0110486 0.142747 0.0119232 0 0 0.165724 0.15467 
89600 0.0110032 0.142693 0.0118389 0 0 0.165538 0.154532 
89800 0.0109578 0.142639 0.0117546 0 0 0.165353 0.154394 
90000 0.0109124 0.142585 0.0116703 0 0 0.165167 0.154255 
90200 0.010867 0.142531 0.011586 0 0 0.164981 0.154117 
90400 0.0108216 0.142476 0.0115017 0 0 0.164796 0.153979 
90600 0.0107762 0.142422 0.0114175 0 0 0.16461 0.153841 
90800 0.0107308 0.142368 0.0113332 0 0 0.164425 0.153703 
91000 0.0106863 0.142314 0.0112513 0 0 0.164243 0.153566 
91200 0.0106434 0.142258 0.0111738 0 0 0.164068 0.153432 
91400 0.0106005 0.142203 0.0110964 0 0 0.163893 0.153297 
91600 0.0105576 0.142147 0.011019 0 0 0.163718 0.153162 
91800 0.0105147 0.142092 0.0109415 0 0 0.163543 0.153027 
92000 0.0104718 0.142037 0.0108641 0 0 0.163369 0.152893 
92200 0.0104289 0.141981 0.0107867 0 0 0.163194 0.152758 
92400 0.010386 0.141926 0.0107092 0 0 0.163019 0.152623 
92600 0.0103431 0.14187 0.0106318 0 0 0.162844 0.152489 
92800 0.0103011 0.141814 0.010557 0 0 0.162672 0.152358 
93000 0.0102603 0.141756 0.0104856 0 0 0.162503 0.152232 
93200 0.0102195 0.141699 0.0104141 0 0 0.162334 0.152106 
93400 0.0101787 0.141641 0.0103427 0 0 0.162166 0.15198 
93600 0.0101379 0.141583 0.0102712 0 0 0.161997 0.151854 
93800 0.0100971 0.141526 0.0101998 0 0 0.161828 0.151728 
94000 0.0100563 0.141468 0.0101283 0 0 0.161659 0.151602 
94200 0.0100155 0.14141 0.0100569 0 0 0.161491 0.151476 
94400 0.00997474 0.141353 0.0099854 0 0 0.161322 0.15135 
94600 0.0099348 0.141296 0.00991619 0 0 0.161157 0.151226 
94800 0.00989613 0.141242 0.00985036 0 0 0.160997 0.151104 
95000 0.00985747 0.141188 0.00978453 0 0 0.160837 0.150983 
95200 0.0098188 0.141133 0.00971869 0 0 0.160677 0.150862 
95400 0.00978014 0.141079 0.00965286 0 0 0.160517 0.150741 
95600 0.00974147 0.141025 0.00958703 0 0 0.160357 0.15062 
95800 0.00970281 0.14097 0.00952119 0 0 0.160197 0.150498 
96000 0.00966415 0.140916 0.00945536 0 0 0.160037 0.150377 
96200 0.00962548 0.140862 0.00938952 0 0 0.159878 0.150256 
96400 0.00958714 0.140807 0.00932445 0 0 0.159719 0.150135 
96600 0.00955064 0.14075 0.00926368 0 0 0.159567 0.150019 
96800 0.00951413 0.140694 0.0092029 0 0 0.159414 0.149903 
97000 0.00947763 0.140637 0.00914213 0 0 0.159262 0.149787 
97200 0.00944112 0.140581 0.00908136 0 0 0.15911 0.149671 
97400 0.00940462 0.140524 0.00902058 0 0 0.158958 0.149554 
97600 0.00936811 0.140468 0.00895981 0 0 0.158806 0.149438 
97800 0.00933161 0.140411 0.00889904 0 0 0.158653 0.149322 
98000 0.0092951 0.140354 0.00883827 0 0 0.158501 0.149206 
98200 0.0092586 0.140298 0.00877749 0 0 0.158349 0.14909 
98400 0.00922337 0.140243 0.00872038 0 0 0.158201 0.148977 
98600 0.00918857 0.140189 0.00866448 0 0 0.158054 0.148865 
98800 0.00915378 0.140135 0.00860858 0 0 0.157907 0.148754 
99000 0.00911898 0.140081 0.00855268 0 0 0.15776 0.148642 
99200 0.00908418 0.140027 0.00849679 0 0 0.157613 0.148531 
99400 0.00904938 0.139973 0.00844089 0 0 0.157466 0.148419 
99600 0.00901458 0.139918 0.00838499 0 0 0.157319 0.148307 
99800 0.00897979 0.139864 0.00832909 0 0 0.157172 0.148196 
100000 0.00894499 0.13981 0.0082732 0 0 0.157025 0.148084 
100200 0.00891599 0.139752 0.00822777 0 0 0.156909 0.147997 
100400 0.00888221 0.139696 0.00817475 0 0 0.156766 0.147887 
100600 0.00884843 0.13964 0.00812174 0 0 0.156623 0.147778 
100800 0.00881465 0.139584 0.00806873 0 0 0.156479 0.147668 
101000 0.00878087 0.139528 0.00801572 0 0 0.156336 0.147558 
101200 0.00874709 0.139472 0.00796271 0 0 0.156192 0.147448 
101400 0.00871331 0.139416 0.0079097 0 0 0.156049 0.147338 
101600 0.00867953 0.13936 0.00785669 0 0 0.155905 0.147228 
101800 0.00864575 0.139304 0.00780368 0 0 0.155762 0.147118 
102000 0.00861197 0.139249 0.00775067 0 0 0.155618 0.147008 
102200 0.00857961 0.139193 0.00770058 0 0 0.15548 0.146903 
102400 0.00854868 0.139139 0.00765341 0 0 0.155348 0.146801 
102600 0.00851775 0.139085 0.00760624 0 0 0.155215 0.1467 
102800 0.00848682 0.139031 0.00755906 0 0 0.155083 0.146598 
103000 0.00845589 0.138977 0.0075119 0 0 0.154951 0.146497 
103200 0.00842495 0.138923 0.00746472 0 0 0.154818 0.146395 
103400 0.00839402 0.138869 0.00741755 0 0 0.154686 0.146294 
103600 0.00836309 0.138815 0.00737038 0 0 0.154553 0.146192 
103800 0.00833216 0.13876 0.00732321 0 0 0.154421 0.146091 
104000 0.00830123 0.138706 0.00727604 0 0 0.154288 0.145989 
104200 0.00827154 0.138653 0.00723138 0 0 0.154161 0.14589 
104400 0.00824309 0.138599 0.00718921 0 0 0.154037 0.145793 
104600 0.00821465 0.138546 0.00714705 0 0 0.153914 0.145697 
104800 0.0081862 0.138492 0.00710489 0 0 0.153791 0.1456 
105000 0.00815776 0.138439 0.00706273 0 0 0.153667 0.145503 
105200 0.00812931 0.138386 0.00702056 0 0 0.153544 0.145407 
105400 0.00810086 0.138332 0.0069784 0 0 0.15342 0.14531 
105600 0.00807242 0.138279 0.00693624 0 0 0.153297 0.145213 
105800 0.00804397 0.138225 0.00689408 0 0 0.153174 0.145117 
106000 0.00801553 0.138172 0.00685191 0 0 0.15305 0.14502 
106200 0.00798708 0.138119 0.00680975 0 0 0.152927 0.144924 
106400 0.00795818 0.138064 0.00676819 0 0 0.152801 0.144827 
106600 0.00792928 0.13801 0.00672663 0 0 0.152676 0.14473 
106800 0.00790038 0.137956 0.00668506 0 0 0.15255 0.144634 
107000 0.00787147 0.137902 0.00664349 0 0 0.152424 0.144537 
107200 0.00784257 0.137848 0.00660193 0 0 0.152299 0.14444 
107400 0.00781367 0.137794 0.00656037 0 0 0.152173 0.144344 
107600 0.00778477 0.13774 0.0065188 0 0 0.152047 0.144247 
107800 0.00775587 0.137686 0.00647724 0 0 0.151922 0.14415 
108000 0.00772697 0.137631 0.00643568 0 0 0.151796 0.144054 
108200 0.00769806 0.137577 0.00639411 0 0 0.15167 0.143957 
108400 0.00767276 0.137525 0.00635861 0 0 0.151557 0.143869 
108600 0.00764745 0.137474 0.00632311 0 0 0.151444 0.143781 
108800 0.00762214 0.137422 0.00628761 0 0 0.15133 0.143693 
109000 0.00759684 0.13737 0.00625211 0 0 0.151217 0.143605 
109200 0.00757153 0.137318 0.00621661 0 0 0.151104 0.143518 
109400 0.00754622 0.137266 0.00618111 0 0 0.15099 0.14343 
109600 0.00752091 0.137214 0.0061456 0 0 0.150877 0.143342 
109800 0.0074956 0.137163 0.0061101 0 0 0.150764 0.143254 
110000 0.0074703 0.137111 0.0060746 0 0 0.15065 0.143166 
110200 0.00744499 0.137059 0.0060391 0 0 0.150537 0.143078 
110400 0.00741968 0.137007 0.0060036 0 0 0.150424 0.14299 
110600 0.007394 0.136951 0.00596869 0 0 0.150308 0.142902 
110800 0.00736831 0.136895 0.00593379 0 0 0.150192 0.142814 
111000 0.00734263 0.136839 0.00589888 0 0 0.150076 0.142725 
111200 0.00731694 0.136782 0.00586397 0 0 0.14996 0.142637 
111400 0.00729126 0.136726 0.00582906 0 0 0.149844 0.142548 
111600 0.00726558 0.13667 0.00579415 0 0 0.149728 0.14246 
111800 0.00723989 0.136614 0.00575924 0 0 0.149612 0.142372 
112000 0.00721421 0.136558 0.00572433 0 0 0.149496 0.142283 
112200 0.00718852 0.136502 0.00568943 0 0 0.14938 0.142195 
112400 0.00716284 0.136445 0.00565452 0 0 0.149264 0.142107 
112600 0.00713827 0.136391 0.00562143 0 0 0.149152 0.14202 
112800 0.0071148 0.13634 0.00559017 0 0 0.149043 0.141936 
113000 0.00709134 0.136288 0.0055589 0 0 0.148935 0.141851 
113200 0.00706788 0.136236 0.00552763 0 0 0.148827 0.141767 
113400 0.00704442 0.136184 0.00549637 0 0 0.148719 0.141683 
113600 0.00702096 0.136132 0.0054651 0 0 0.148611 0.141598 
113800 0.00699749 0.13608 0.00543384 0 0 0.148503 0.141514 
114000 0.00697403 0.136029 0.00540257 0 0 0.148395 0.14143 
114200 0.00695057 0.135977 0.00537131 0 0 0.148287 0.141345 
114400 0.00692711 0.135925 0.00534004 0 0 0.148179 0.141261 
114600 0.00690365 0.135873 0.00530878 0 0 0.148071 0.141177 
114800 0.00688103 0.135821 0.00527912 0 0 0.147967 0.141095 
115000 0.00685926 0.135769 0.00525109 0 0 0.147867 0.141016 
115200 0.00683749 0.135717 0.00522304 0 0 0.147767 0.140937 
115400 0.00681572 0.135665 0.005195 0 0 0.147667 0.140858 
115600 0.00679395 0.135613 0.00516696 0 0 0.147567 0.140779 
115800 0.00677218 0.13556 0.00513892 0 0 0.147467 0.1407 
116000 0.00675041 0.135508 0.00511088 0 0 0.147367 0.140621 
116200 0.00672864 0.135456 0.00508284 0 0 0.147266 0.140542 
116400 0.00670687 0.135404 0.0050548 0 0 0.147166 0.140463 
116600 0.0066851 0.135352 0.00502676 0 0 0.147066 0.140384 
116800 0.00666333 0.1353 0.00499872 0 0 0.146966 0.140305 
117000 0.00664156 0.135248 0.00497068 0 0 0.146866 0.140226 
117200 0.00661959 0.135193 0.00494314 0 0 0.146764 0.140145 
117400 0.00659763 0.135139 0.00491561 0 0 0.146661 0.140064 
117600 0.00657566 0.135084 0.00488807 0 0 0.146558 0.139983 
117800 0.00655369 0.13503 0.00486053 0 0 0.146455 0.139902 
118000 0.00653172 0.134975 0.00483299 0 0 0.146352 0.139822 
118200 0.00650975 0.134921 0.00480545 0 0 0.14625 0.139741 
118400 0.00648778 0.134866 0.00477791 0 0 0.146147 0.13966 
118600 0.00646582 0.134812 0.00475037 0 0 0.146044 0.139579 
118800 0.00644385 0.134757 0.00472283 0 0 0.145941 0.139498 
119000 0.00642188 0.134703 0.00469529 0 0 0.145838 0.139417 
119200 0.00639991 0.134648 0.00466775 0 0 0.145735 0.139337 
119400 0.0063805 0.134599 0.00464408 0 0 0.145642 0.139262 
119600 0.00636108 0.134549 0.00462042 0 0 0.145549 0.139188 
119800 0.00634167 0.134499 0.00459675 0 0 0.145455 0.139114 
120000 0.00632226 0.134449 0.00457308 0 0 0.145362 0.13904 
120200 0.00630285 0.134399 0.00454942 0 0 0.145268 0.138966 
120400 0.00628343 0.134349 0.00452575 0 0 0.145175 0.138892 
120600 0.00626402 0.134299 0.00450209 0 0 0.145081 0.138818 
120800 0.00624461 0.134249 0.00447842 0 0 0.144988 0.138744 
121000 0.0062252 0.134199 0.00445476 0 0 0.144895 0.13867 
121200 0.00620578 0.134149 0.00443109 0 0 0.144801 0.138595 
121400 0.00618637 0.134099 0.00440743 0 0 0.144708 0.138521 
121600 0.00616696 0.134049 0.00438376 0 0 0.144614 0.138447 
121800 0.00614819 0.133999 0.00436146 0 0 0.144523 0.138374 
122000 0.00612942 0.133949 0.00433917 0 0 0.144432 0.138301 
122200 0.00611065 0.133899 0.00431687 0 0 0.144341 0.138227 
122400 0.00609188 0.133849 0.00429457 0 0 0.14425 0.138154 
122600 0.00607312 0.133799 0.00427228 0 0 0.144159 0.138081 
122800 0.00605435 0.13375 0.00424998 0 0 0.144068 0.138007 
123000 0.00603558 0.1337 0.00422769 0 0 0.143977 0.137934 
123200 0.00601681 0.13365 0.00420539 0 0 0.143886 0.137861 
123400 0.00599804 0.1336 0.00418309 0 0 0.143795 0.137788 
123600 0.00597927 0.13355 0.0041608 0 0 0.143704 0.137714 
123800 0.00596051 0.1335 0.0041385 0 0 0.143613 0.137641 
124000 0.00594174 0.13345 0.0041162 0 0 0.143522 0.137568 
124200 0.00592361 0.133399 0.00409536 0 0 0.14343 0.137496 
124400 0.00590549 0.133348 0.00407451 0 0 0.143338 0.137424 
124600 0.00588737 0.133298 0.00405366 0 0 0.143246 0.137353 
124800 0.00586924 0.133247 0.00403282 0 0 0.143155 0.137281 
125000 0.00585112 0.133196 0.00401197 0 0 0.143063 0.137209 
125200 0.00583299 0.133145 0.00399112 0 0 0.142971 0.137137 
125400 0.00581487 0.133095 0.00397028 0 0 0.142879 0.137066 
125600 0.00579675 0.133044 0.00394943 0 0 0.142787 0.136994 
125800 0.00577862 0.132993 0.00392858 0 0 0.142695 0.136922 
126000 0.0057605 0.132942 0.00390774 0 0 0.142604 0.136851 
126200 0.00574238 0.132892 0.00388689 0 0 0.142512 0.136779 
126400 0.00572425 0.132841 0.00386604 0 0 0.14242 0.136707 
126600 0.00570701 0.132789 0.00384644 0 0 0.142333 0.136637 
126800 0.00568978 0.132736 0.00382683 0 0 0.142246 0.136567 
127000 0.00567254 0.132684 0.00380723 0 0 0.142159 0.136497 
127200 0.0056553 0.132631 0.00378762 0 0 0.142072 0.136427 
127400 0.00563806 0.132579 0.00376801 0 0 0.141985 0.136357 
127600 0.00562083 0.132527 0.00374841 0 0 0.141898 0.136287 
127800 0.00560359 0.132474 0.0037288 0 0 0.141811 0.136217 
128000 0.00558635 0.132422 0.0037092 0 0 0.141724 0.136147 
128200 0.00556911 0.13237 0.00368959 0 0 0.141637 0.136077 
128400 0.00555187 0.132317 0.00366998 0 0 0.14155 0.136007 
128600 0.00553464 0.132265 0.00365038 0 0 0.141463 0.135936 
128800 0.0055174 0.132213 0.00363077 0 0 0.141376 0.135866 
129000 0.00550186 0.132166 0.00361386 0 0 0.141295 0.1358 
129200 0.00548632 0.132119 0.00359696 0 0 0.141214 0.135734 
129400 0.00547078 0.132072 0.00358005 0 0 0.141133 0.135668 
129600 0.00545524 0.132025 0.00356314 0 0 0.141052 0.135602 
129800 0.0054397 0.131978 0.00354623 0 0 0.140971 0.135536 
130000 0.00542416 0.131932 0.00352932 0 0 0.14089 0.135469 
130200 0.00540862 0.131885 0.00351241 0 0 0.140809 0.135403 
130400 0.00539308 0.131838 0.00349551 0 0 0.140728 0.135337 
130600 0.00537754 0.131791 0.0034786 0 0 0.140647 0.135271 
130800 0.005362 0.131744 0.00346169 0 0 0.140566 0.135205 
131000 0.00534646 0.131697 0.00344478 0 0 0.140485 0.135138 
131200 0.00533092 0.13165 0.00342787 0 0 0.140404 0.135072 
131400 0.00531538 0.131604 0.00341097 0 0 0.140322 0.135006 
131600 0.00529968 0.131553 0.00339437 0 0 0.14024 0.13494 
131800 0.00528398 0.131503 0.00337778 0 0 0.140159 0.134875 
132000 0.00526828 0.131453 0.00336118 0 0 0.140077 0.134809 
132200 0.00525259 0.131403 0.00334459 0 0 0.139995 0.134743 
132400 0.00523689 0.131352 0.00332799 0 0 0.139913 0.134677 
132600 0.00522119 0.131302 0.0033114 0 0 0.139831 0.134612 
132800 0.00520549 0.131252 0.0032948 0 0 0.139749 0.134546 
133000 0.00518979 0.131202 0.00327821 0 0 0.139667 0.13448 
133200 0.0051741 0.131151 0.00326161 0 0 0.139585 0.134415 
133400 0.0051584 0.131101 0.00324502 0 0 0.139503 0.134349 
133600 0.0051427 0.131051 0.00322842 0 0 0.139421 0.134283 
133800 0.005127 0.131 0.00321183 0 0 0.139339 0.134217 
134000 0.00511225 0.130952 0.00319633 0 0 0.13926 0.134153 
134200 0.00509843 0.130904 0.00318192 0 0 0.139185 0.134091 
134400 0.00508461 0.130857 0.00316752 0 0 0.13911 0.134029 
134600 0.00507079 0.13081 0.00315311 0 0 0.139035 0.133966 
134800 0.00505697 0.130763 0.0031387 0 0 0.13896 0.133904 
135000 0.00504315 0.130715 0.0031243 0 0 0.138884 0.133842 
135200 0.00502933 0.130668 0.00310989 0 0 0.138809 0.13378 
135400 0.00501551 0.130621 0.00309549 0 0 0.138734 0.133717 
135600 0.00500169 0.130574 0.00308108 0 0 0.138659 0.133655 
135800 0.00498788 0.130526 0.00306667 0 0 0.138584 0.133593 
136000 0.00497406 0.130479 0.00305227 0 0 0.138508 0.13353 
136200 0.00496024 0.130432 0.00303786 0 0 0.138433 0.133468 
136400 0.00494642 0.130385 0.00302346 0 0 0.138358 0.133406 
136600 0.0049326 0.130337 0.00300905 0 0 0.138283 0.133344 
136800 0.00491862 0.130288 0.00299501 0 0 0.138206 0.133281 
137000 0.00490464 0.130239 0.00298097 0 0 0.138128 0.133219 
137200 0.00489066 0.13019 0.00296694 0 0 0.138051 0.133156 
137400 0.00487669 0.130141 0.0029529 0 0 0.137974 0.133094 
137600 0.00486271 0.130092 0.00293886 0 0 0.137896 0.133031 
137800 0.00484873 0.130043 0.00292482 0 0 0.137819 0.132969 
138000 0.00483475 0.129994 0.00291078 0 0 0.137742 0.132906 
138200 0.00482077 0.129945 0.00289675 0 0 0.137664 0.132844 
138400 0.00480679 0.129896 0.00288271 0 0 0.137587 0.132781 
138600 0.00479281 0.129847 0.00286867 0 0 0.13751 0.132719 
138800 0.00477883 0.129798 0.00285463 0 0 0.137432 0.132657 
139000 0.00476486 0.129749 0.00284059 0 0 0.137355 0.132594 
139200 0.00475088 0.129699 0.00282655 0 0 0.137278 0.132532 
139400 0.00473799 0.129652 0.00281388 0 0 0.137204 0.132471 
139600 0.0047251 0.129605 0.00280121 0 0 0.13713 0.132411 
139800 0.00471221 0.129558 0.00278853 0 0 0.137056 0.132351 
140000 0.00469933 0.12951 0.00277586 0 0 0.136983 0.132291 
140200 0.00468644 0.129463 0.00276319 0 0 0.136909 0.132231 
140400 0.00467355 0.129416 0.00275051 0 0 0.136835 0.132171 
140600 0.00466066 0.129369 0.00273784 0 0 0.136761 0.132111 
140800 0.00464777 0.129321 0.00272517 0 0 0.136688 0.13205 
141000 0.00463488 0.129274 0.00271249 0 0 0.136614 0.13199 
141200 0.004622 0.129227 0.00269982 0 0 0.13654 0.13193 
141400 0.00460911 0.12918 0.00268715 0 0 0.136466 0.13187 
141600 0.00459622 0.129132 0.00267447 0 0 0.136393 0.13181 
141800 0.00458333 0.129085 0.0026618 0 0 0.136319 0.13175 
142000 0.00457088 0.129038 0.00264969 0 0 0.136247 0.13169 
142200 0.00455887 0.128991 0.00263815 0 0 0.136177 0.131632 
142400 0.00454685 0.128944 0.0026266 0 0 0.136108 0.131573 
142600 0.00453484 0.128897 0.00261506 0 0 0.136038 0.131514 
142800 0.00452283 0.12885 0.00260352 0 0 0.135968 0.131456 
143000 0.00451081 0.128803 0.00259197 0 0 0.135899 0.131397 
143200 0.0044988 0.128756 0.00258043 0 0 0.135829 0.131338 
143400 0.00448679 0.128709 0.00256888 0 0 0.135759 0.131279 
143600 0.00447477 0.128662 0.00255734 0 0 0.135689 0.131221 
143800 0.00446276 0.128615 0.0025458 0 0 0.13562 0.131162 
144000 0.00445075 0.128569 0.00253425 0 0 0.13555 0.131103 
144200 0.00443873 0.128522 0.00252271 0 0 0.13548 0.131045 
144400 0.00442672 0.128475 0.00251116 0 0 0.13541 0.130986 
144600 0.00441471 0.128428 0.00249962 0 0 0.135341 0.130927 
144800 0.0044029 0.128381 0.00248847 0 0 0.135272 0.130869 
145000 0.0043913 0.128336 0.00247771 0 0 0.135203 0.130812 
145200 0.0043797 0.12829 0.00246696 0 0 0.135135 0.130755 
145400 0.0043681 0.128245 0.0024562 0 0 0.135067 0.130697 
145600 0.0043565 0.128199 0.00244544 0 0 0.134998 0.13064 
145800 0.0043449 0.128154 0.00243468 0 0 0.13493 0.130583 
146000 0.0043333 0.128108 0.00242393 0 0 0.134861 0.130526 
146200 0.0043217 0.128062 0.00241317 0 0 0.134793 0.130468 
146400 0.0043101 0.128017 0.00240241 0 0 0.134725 0.130411 
146600 0.0042985 0.127971 0.00239166 0 0 0.134656 0.130354 
146800 0.00428691 0.127926 0.0023809 0 0 0.134588 0.130296 
147000 0.00427531 0.12788 0.00237014 0 0 0.13452 0.130239 
147200 0.00426371 0.127835 0.00235939 0 0 0.134451 0.130182 
147400 0.00425211 0.127789 0.00234863 0 0 0.134383 0.130124 
147600 0.00424097 0.127743 0.0023384 0 0 0.134316 0.130069 
147800 0.0042303 0.127698 0.00232871 0 0 0.134251 0.130016 
148000 0.00421963 0.127652 0.00231901 0 0 0.134186 0.129962 
148200 0.00420896 0.127607 0.00230931 0 0 0.134121 0.129909 
148400 0.00419829 0.127561 0.00229961 0 0 0.134057 0.129856 
148600 0.00418762 0.127515 0.00228992 0 0 0.133992 0.129802 
148800 0.00417694 0.12747 0.00228022 0 0 0.133927 0.129749 
149000 0.00416627 0.127424 0.00227052 0 0 0.133862 0.129696 
149200 0.0041556 0.127378 0.00226083 0 0 0.133797 0.129642 
149400 0.00414493 0.127333 0.00225113 0 0 0.133732 0.129589 
149600 0.00413426 0.127287 0.00224143 0 0 0.133667 0.129535 
149800 0.00412359 0.127242 0.00223174 0 0 0.133602 0.129482 
150000 0.00411292 0.127196 0.00222204 0 0 0.133537 0.129429 
150200 0.00410132 0.127148 0.00221179 0 0 0.133464 0.129361 
150400 0.00408972 0.127099 0.00220155 0 0 0.133392 0.129293 
150600 0.00407967 0.127055 0.00219269 0 0 0.133329 0.129241 
150800 0.00406961 0.12701 0.00218384 0 0 0.133266 0.129189 
151000 0.00405956 0.126966 0.00217498 0 0 0.133202 0.129137 
151200 0.00404951 0.126921 0.00216613 0 0 0.133139 0.129085 
151400 0.00403945 0.126877 0.00215728 0 0 0.133076 0.129032 
151600 0.0040294 0.126832 0.00214842 0 0 0.133013 0.12898 
151800 0.00401935 0.126788 0.00213957 0 0 0.13295 0.128928 
152000 0.0040093 0.126744 0.00213071 0 0 0.132887 0.128876 
152200 0.00399924 0.126699 0.00212186 0 0 0.132824 0.128824 
152400 0.00398919 0.126655 0.002113 0 0 0.13276 0.128771 
152600 0.00397914 0.12661 0.00210415 0 0 0.132697 0.128719 
152800 0.00396908 0.126566 0.0020953 0 0 0.132634 0.128667 
153000 0.00395903 0.126521 0.00208644 0 0 0.132571 0.128615 
153200 0.00394898 0.126477 0.00207759 0 0 0.132508 0.128563 
153400 0.00393893 0.126432 0.00206873 0 0 0.132445 0.128511 
153600 0.00392926 0.126388 0.00206038 0 0 0.132382 0.128458 
153800 0.00391959 0.126343 0.00205203 0 0 0.13232 0.128405 
154000 0.00390993 0.126299 0.00204368 0 0 0.132257 0.128352 
154200 0.00390026 0.126254 0.00203533 0 0 0.132195 0.128299 
154400 0.0038906 0.12621 0.00202698 0 0 0.132132 0.128246 
154600 0.00388093 0.126166 0.00201863 0 0 0.13207 0.128193 
154800 0.00387126 0.126121 0.00201027 0 0 0.132007 0.128141 
155000 0.0038616 0.126077 0.00200192 0 0 0.131945 0.128088 
155200 0.00385193 0.126032 0.00199357 0 0 0.131882 0.128035 
155400 0.00384227 0.125988 0.00198522 0 0 0.13182 0.127982 
155600 0.0038326 0.125943 0.00197687 0 0 0.131757 0.127929 
155800 0.00382293 0.125899 0.00196852 0 0 0.131695 0.127876 
156000 0.00381327 0.125854 0.00196016 0 0 0.131632 0.127824 
156200 0.0038036 0.12581 0.00195181 0 0 0.13157 0.127771 
156400 0.00379394 0.125765 0.00194346 0 0 0.131507 0.127718 
156600 0.00378458 0.125721 0.00193566 0 0 0.131446 0.127666 
156800 0.00377522 0.125676 0.00192787 0 0 0.131385 0.127613 
157000 0.00376587 0.125632 0.00192007 0 0 0.131323 0.127561 
157200 0.00375651 0.125587 0.00191227 0 0 0.131262 0.127509 
157400 0.00374715 0.125543 0.00190448 0 0 0.131201 0.127457 
157600 0.00373779 0.125499 0.00189668 0 0 0.13114 0.127405 
157800 0.00372844 0.125454 0.00188888 0 0 0.131078 0.127353 
158000 0.00371908 0.12541 0.00188108 0 0 0.131017 0.1273 
158200 0.00370972 0.125365 0.00187329 0 0 0.130956 0.127248 
158400 0.00370037 0.125321 0.00186549 0 0 0.130895 0.127196 
158600 0.00369101 0.125276 0.00185769 0 0 0.130834 0.127144 
158800 0.00368165 0.125232 0.00184989 0 0 0.130772 0.127092 
159000 0.0036723 0.125187 0.0018421 0 0 0.130711 0.127039 
159200 0.00366294 0.125143 0.0018343 0 0 0.13065 0.126987 
159400 0.00365358 0.125098 0.0018265 0 0 0.130589 0.126935 
159600 0.00364487 0.125055 0.00181937 0 0 0.130529 0.126884 
159800 0.00363615 0.125012 0.00181223 0 0 0.130469 0.126834 
160000 0.00362743 0.124969 0.0018051 0 0 0.130409 0.126783 
160200 0.00361871 0.124926 0.00179797 0 0 0.130349 0.126733 
160400 0.00360999 0.124883 0.00179083 0 0 0.130289 0.126682 
160600 0.00360128 0.12484 0.0017837 0 0 0.13023 0.126632 
160800 0.00359256 0.124797 0.00177656 0 0 0.13017 0.126581 
161000 0.00358384 0.124754 0.00176943 0 0 0.13011 0.126531 
161200 0.00357512 0.124711 0.00176229 0 0 0.13005 0.12648 
161400 0.0035664 0.124668 0.00175516 0 0 0.12999 0.12643 
161600 0.00355768 0.124625 0.00174803 0 0 0.12993 0.126379 
161800 0.00354897 0.124582 0.00174089 0 0 0.12987 0.126329 
162000 0.00354025 0.124539 0.00173376 0 0 0.12981 0.126278 
162200 0.00353153 0.124496 0.00172662 0 0 0.129751 0.126228 
162400 0.00352281 0.124453 0.00171949 0 0 0.129691 0.126177 
162600 0.00351439 0.12441 0.00171269 0 0 0.129632 0.126128 
162800 0.00350627 0.124368 0.00170623 0 0 0.129576 0.126079 
163000 0.00349815 0.124326 0.00169976 0 0 0.129519 0.12603 
163200 0.00349003 0.124283 0.0016933 0 0 0.129462 0.125981 
163400 0.00348191 0.124241 0.00168683 0 0 0.129405 0.125932 
163600 0.0034738 0.124199 0.00168037 0 0 0.129348 0.125883 
163800 0.00346568 0.124157 0.0016739 0 0 0.129292 0.125834 
164000 0.00345756 0.124114 0.00166744 0 0 0.129235 0.125785 
164200 0.00344944 0.124072 0.00166098 0 0 0.129178 0.125736 
164400 0.00344132 0.12403 0.00165451 0 0 0.129121 0.125687 
164600 0.0034332 0.123987 0.00164805 0 0 0.129065 0.125638 
164800 0.00342508 0.123945 0.00164158 0 0 0.129008 0.125589 
165000 0.00341696 0.123903 0.00163512 0 0 0.128951 0.12554 
165200 0.00340884 0.123861 0.00162866 0 0 0.128894 0.125491 
165400 0.00340072 0.123818 0.00162219 0 0 0.128837 0.125442 
165600 0.0033926 0.123776 0.00161573 0 0 0.128781 0.125394 
165800 0.00338473 0.123735 0.00160957 0 0 0.128725 0.125346 
166000 0.00337712 0.123694 0.00160373 0 0 0.12867 0.125299 
166200 0.0033695 0.123654 0.00159788 0 0 0.128616 0.125252 
166400 0.00336189 0.123613 0.00159203 0 0 0.128561 0.125205 
166600 0.00335427 0.123573 0.00158619 0 0 0.128507 0.125158 
166800 0.00334665 0.123532 0.00158034 0 0 0.128453 0.125111 
167000 0.00333904 0.123492 0.00157449 0 0 0.128398 0.125064 
167200 0.00333142 0.123452 0.00156865 0 0 0.128344 0.125018 
167400 0.00332381 0.123411 0.0015628 0 0 0.128289 0.124971 
167600 0.00331619 0.123371 0.00155695 0 0 0.128235 0.124924 
167800 0.00330858 0.12333 0.00155111 0 0 0.12818 0.124877 
168000 0.00330096 0.12329 0.00154526 0 0 0.128126 0.12483 
168200 0.00329334 0.12325 0.00153941 0 0 0.128071 0.124783 
168400 0.00328573 0.123209 0.00153357 0 0 0.128017 0.124736 
168600 0.00327811 0.123169 0.00152772 0 0 0.127962 0.124689 
168800 0.0032705 0.123128 0.00152187 0 0 0.127908 0.124643 
169000 0.00326288 0.123088 0.00151603 0 0 0.127853 0.124596 
169200 0.00325557 0.123046 0.00151049 0 0 0.127799 0.124549 
169400 0.00324826 0.123003 0.00150496 0 0 0.127745 0.124502 
169600 0.00324095 0.122961 0.00149942 0 0 0.127692 0.124455 
169800 0.00323364 0.122919 0.00149388 0 0 0.127638 0.124408 
170000 0.00322633 0.122877 0.00148835 0 0 0.127584 0.124361 
170200 0.00321901 0.122835 0.00148281 0 0 0.12753 0.124315 
170400 0.0032117 0.122793 0.00147728 0 0 0.127476 0.124268 
170600 0.00320439 0.12275 0.00147174 0 0 0.127422 0.124221 
170800 0.00319708 0.122708 0.0014662 0 0 0.127368 0.124174 
171000 0.00318977 0.122666 0.00146067 0 0 0.127314 0.124127 
171200 0.00318246 0.122624 0.00145513 0 0 0.12726 0.12408 
171400 0.00317515 0.122582 0.0014496 0 0 0.127206 0.124033 
171600 0.00316784 0.12254 0.00144406 0 0 0.127153 0.123986 
171800 0.00316053 0.122497 0.00143852 0 0 0.127099 0.12394 
172000 0.00315322 0.122455 0.00143299 0 0 0.127045 0.123893 
172200 0.0031459 0.122413 0.00142745 0 0 0.126991 0.123846 
172400 0.00313872 0.122371 0.00142209 0 0 0.126937 0.123799 
172600 0.00313165 0.12233 0.00141691 0 0 0.126883 0.123752 
172800 0.00312459 0.122289 0.00141172 0 0 0.126829 0.123705 
173000 0.00311752 0.122248 0.00140654 0 0 0.126775 0.123658 
173200 0.00311046 0.122207 0.00140135 0 0 0.126721 0.123612 
173400 0.00310339 0.122166 0.00139617 0 0 0.126668 0.123565 
173600 0.00309633 0.122125 0.00139098 0 0 0.126614 0.123518 
173800 0.00308926 0.122084 0.0013858 0 0 0.12656 0.123471 
174000 0.0030822 0.122043 0.00138061 0 0 0.126506 0.123424 
174200 0.00307513 0.122002 0.00137543 0 0 0.126452 0.123377 
174400 0.00306807 0.121961 0.00137025 0 0 0.126398 0.12333 
174600 0.003061 0.12192 0.00136506 0 0 0.126344 0.123284 
174800 0.00305394 0.121879 0.00135988 0 0 0.12629 0.123237 
175000 0.00304687 0.121838 0.00135469 0 0 0.126236 0.12319 
175200 0.00303981 0.121797 0.00134951 0 0 0.126182 0.123143 
175400 0.00303274 0.121756 0.00134432 0 0 0.126129 0.123096 
175600 0.00302568 0.121715 0.00133914 0 0 0.126075 0.123049 
175800 0.00301924 0.121675 0.00133456 0 0 0.126025 0.123006 
176000 0.0030128 0.121636 0.00132998 0 0 0.125975 0.122962 
176200 0.00300635 0.121596 0.0013254 0 0 0.125926 0.122918 
176400 0.00299991 0.121556 0.00132082 0 0 0.125876 0.122875 
176600 0.00299347 0.121516 0.00131624 0 0 0.125826 0.122831 
176800 0.00298703 0.121477 0.00131166 0 0 0.125776 0.122787 
177000 0.00298059 0.121437 0.00130709 0 0 0.125727 0.122744 
177200 0.00297415 0.121397 0.00130251 0 0 0.125677 0.1227 
177400 0.00296771 0.121357 0.00129793 0 0 0.125627 0.122656 
177600 0.00296127 0.121318 0.00129335 0 0 0.125578 0.122613 
177800 0.00295483 0.121278 0.00128877 0 0 0.125528 0.122569 
178000 0.00294839 0.121238 0.00128419 0 0 0.125478 0.122526 
178200 0.00294195 0.121198 0.00127961 0 0 0.125428 0.122482 
178400 0.00293551 0.121158 0.00127503 0 0 0.125379 0.122438 
178600 0.00292907 0.121119 0.00127045 0 0 0.125329 0.122395 
178800 0.00292263 0.121079 0.00126588 0 0 0.125279 0.122351 
179000 0.00291619 0.121039 0.0012613 0 0 0.12523 0.122307 
179200 0.00290987 0.121 0.00125685 0 0 0.12518 0.122264 
179400 0.00290366 0.120961 0.00125253 0 0 0.125129 0.12222 
179600 0.00289745 0.120923 0.00124821 0 0 0.125079 0.122176 
179800 0.00289124 0.120884 0.00124389 0 0 0.125029 0.122133 
180000 0.00288503 0.120845 0.00123957 0 0 0.124979 0.122089 
180200 0.00287882 0.120807 0.00123525 0 0 0.124928 0.122046 
180400 0.00287261 0.120768 0.00123093 0 0 0.124878 0.122002 
180600 0.00286641 0.120729 0.00122661 0 0 0.124828 0.121958 
180800 0.0028602 0.120691 0.00122229 0 0 0.124777 0.121915 
181000 0.00285399 0.120652 0.00121797 0 0 0.124727 0.121871 
181200 0.00284778 0.120613 0.00121365 0 0 0.124677 0.121827 
181400 0.00284157 0.120575 0.00120933 0 0 0.124627 0.121784 
181600 0.00283536 0.120536 0.00120501 0 0 0.124576 0.12174 
181800 0.00282916 0.120497 0.0012007 0 0 0.124526 0.121696 
182000 0.00282295 0.120459 0.00119638 0 0 0.124476 0.121653 
182200 0.00281674 0.12042 0.00119206 0 0 0.124426 0.121609 
182400 0.00281053 0.120381 0.00118774 0 0 0.124375 0.121566 
182600 0.00280432 0.120343 0.00118342 0 0 0.124325 0.121522 
182800 0.00279839 0.120303 0.00117939 0 0 0.124276 0.121478 
183000 0.00279246 0.120263 0.00117535 0 0 0.124227 0.121434 
183200 0.00278653 0.120223 0.00117132 0 0 0.124178 0.121389 
183400 0.00278059 0.120184 0.00116729 0 0 0.124128 0.121345 
183600 0.00277466 0.120144 0.00116326 0 0 0.124079 0.121301 
183800 0.00276873 0.120104 0.00115923 0 0 0.12403 0.121257 
184000 0.0027628 0.120064 0.00115519 0 0 0.123981 0.121213 
184200 0.00275686 0.120025 0.00115116 0 0 0.123932 0.121168 
184400 0.00275093 0.119985 0.00114713 0 0 0.123883 0.121124 
184600 0.002745 0.119945 0.0011431 0 0 0.123834 0.12108 
184800 0.00273907 0.119905 0.00113906 0 0 0.123784 0.121036 
185000 0.00273314 0.119865 0.00113503 0 0 0.123735 0.120992 
185200 0.0027272 0.119826 0.001131 0 0 0.123686 0.120947 
185400 0.00272127 0.119786 0.00112697 0 0 0.123637 0.120903 
185600 0.00271534 0.119746 0.00112294 0 0 0.123588 0.120859 
185800 0.00270941 0.119706 0.0011189 0 0 0.123539 0.120815 
186000 0.00270348 0.119667 0.00111487 0 0 0.123489 0.120771 
186200 0.00269778 0.119628 0.00111106 0 0 0.123441 0.120728 
186400 0.00269231 0.11959 0.00110746 0 0 0.123394 0.120688 
186600 0.00268685 0.119551 0.00110386 0 0 0.123347 0.120647 
186800 0.00268138 0.119513 0.00110026 0 0 0.1233 0.120606 
187000 0.00267592 0.119475 0.00109666 0 0 0.123253 0.120565 
187200 0.00267045 0.119437 0.00109306 0 0 0.123206 0.120524 
187400 0.00266498 0.119399 0.00108946 0 0 0.123159 0.120484 
187600 0.00265952 0.119361 0.00108586 0 0 0.123112 0.120443 
187800 0.00265405 0.119323 0.00108226 0 0 0.123065 0.120402 
188000 0.00264859 0.119284 0.00107866 0 0 0.123018 0.120361 
188200 0.00264312 0.119246 0.00107506 0 0 0.122971 0.120321 
188400 0.00263766 0.119208 0.00107146 0 0 0.122924 0.12028 
188600 0.00263219 0.11917 0.00106786 0 0 0.122877 0.120239 
188800 0.00262673 0.119132 0.00106426 0 0 0.12283 0.120198 
189000 0.00262126 0.119094 0.00106066 0 0 0.122783 0.120158 
189200 0.0026158 0.119056 0.00105706 0 0 0.122736 0.120117 
189400 0.00261033 0.119017 0.00105346 0 0 0.122689 0.120076 
189600 0.00260487 0.118979 0.00104986 0 0 0.122642 0.120035 
189800 0.0025994 0.118941 0.00104626 0 0 0.122595 0.119995 
190000 0.00259419 0.118903 0.00104289 0 0 0.122549 0.119953 
190200 0.00258897 0.118866 0.00103952 0 0 0.122503 0.119912 
190400 0.00258376 0.118828 0.00103615 0 0 0.122457 0.119871 
190600 0.00257854 0.118791 0.00103278 0 0 0.122411 0.11983 
190800 0.00257333 0.118753 0.00102941 0 0 0.122365 0.119788 
191000 0.00256812 0.118715 0.00102604 0 0 0.122319 0.119747 
191200 0.0025629 0.118678 0.00102267 0 0 0.122273 0.119706 
191400 0.00255769 0.11864 0.0010193 0 0 0.122227 0.119664 
191600 0.00255247 0.118603 0.00101593 0 0 0.122181 0.119623 
191800 0.00254726 0.118565 0.00101256 0 0 0.122135 0.119582 
192000 0.00254204 0.118527 0.00100919 0 0 0.122089 0.119541 
192200 0.00253683 0.11849 0.00100582 0 0 0.122043 0.119499 
192400 0.00253161 0.118452 0.00100245 0 0 0.121997 0.119458 
192600 0.0025264 0.118414 0.000999075 0 0 0.121951 0.119417 
192800 0.00252118 0.118377 0.000995705 0 0 0.121905 0.119376 
193000 0.00251597 0.118339 0.000992335 0 0 0.121859 0.119334 
193200 0.00251076 0.118302 0.000988965 0 0 0.121813 0.119293 
193400 0.00250554 0.118264 0.000985595 0 0 0.121767 0.119252 
193600 0.00250049 0.118227 0.000982366 0 0 0.121722 0.119211 
193800 0.00249561 0.118191 0.000979278 0 0 0.121677 0.119171 
194000 0.00249072 0.118155 0.00097619 0 0 0.121632 0.119131 
194200 0.00248584 0.118119 0.000973102 0 0 0.121588 0.11909 
194400 0.00248096 0.118083 0.000970014 0 0 0.121543 0.11905 
194600 0.00247607 0.118046 0.000966926 0 0 0.121498 0.11901 
194800 0.00247119 0.11801 0.000963838 0 0 0.121453 0.11897 
195000 0.0024663 0.117974 0.00096075 0 0 0.121408 0.11893 
195200 0.00246142 0.117938 0.000957662 0 0 0.121364 0.118889 
195400 0.00245654 0.117902 0.000954574 0 0 0.121319 0.118849 
195600 0.00245165 0.117866 0.000951486 0 0 0.121274 0.118809 
195800 0.00244677 0.11783 0.000948398 0 0 0.121229 0.118769 
196000 0.00244189 0.117794 0.000945309 0 0 0.121185 0.118729 
196200 0.002437 0.117758 0.000942221 0 0 0.12114 0.118689 
196400 0.00243212 0.117721 0.000939133 0 0 0.121095 0.118648 
196600 0.00242723 0.117685 0.000936045 0 0 0.12105 0.118608 
196800 0.00242235 0.117649 0.000932957 0 0 0.121006 0.118568 
197000 0.00241747 0.117613 0.000929869 0 0 0.120961 0.118528 
197200 0.00241258 0.117577 0.000926781 0 0 0.120916 0.118488 
197400 0.00240776 0.11754 0.000923784 0 0 0.120871 0.118448 
197600 0.00240299 0.117503 0.000920877 0 0 0.120827 0.118408 
197800 0.00239822 0.117466 0.00091797 0 0 0.120783 0.118369 
198000 0.00239345 0.117429 0.000915063 0 0 0.120738 0.11833 
198200 0.00238868 0.117391 0.000912156 0 0 0.120694 0.11829 
198400 0.00238391 0.117354 0.000909249 0 0 0.120649 0.118251 
198600 0.00237914 0.117317 0.000906342 0 0 0.120605 0.118211 
198800 0.00237438 0.11728 0.000903435 0 0 0.120561 0.118172 
199000 0.00236961 0.117242 0.000900528 0 0 0.120516 0.118133 
199200 0.00236484 0.117205 0.000897621 0 0 0.120472 0.118093 
199400 0.00236007 0.117168 0.000894714 0 0 0.120428 0.118054 
199600 0.0023553 0.117131 0.000891807 0 0 0.120383 0.118015 
199800 0.00235053 0.117093 0.0008889 0 0 0.120339 0.117975 
200000 0.00234576 0.117056 0.000885993 0 0 0.120294 0.117936 
