1000 2.03403 0.0123046 2263.44 0 0 2265.5 2263.44 
1200 1.95577 0.0165321 1382.72 0 0 1384.65 1382.72 
1400 1.88055 0.0210265 908.808 0 0 910.739 908.808 
1600 1.80288 0.0255526 629.251 0 0 631.1 629.362 
1800 1.72373 0.0299948 453.36 0 0 455.09 453.459 
2000 1.64789 0.0343685 1856.57 0 0 1858.37 1856.57 
2200 1.57503 0.0385862 1507.14 0 0 1508.84 1507.16 
2400 1.50588 0.0426298 1208.03 0 0 1209.58 1208.13 
2600 1.44044 0.0464886 968.64 0 0 970.17 968.657 
2800 1.37911 0.0501976 784.199 0 0 785.59 784.234 
3000 1.32189 0.0537034 644.432 0 0 645.806 644.449 
3200 1.26838 0.0570452 539.116 0 0 540.47 539.148 
3400 1.21848 0.060232 457.496 0 0 458.798 457.513 
3600 1.17174 0.0632637 392.374 0 0 393.58 392.408 
3800 1.12833 0.0661378 339.425 0 0 340.618 339.585 
4000 1.08729 0.0688872 295.442 0 0 296.618 295.476 
4200 1.04905 0.0715067 258.65 0 0 259.694 258.684 
4400 1.01296 0.0740085 227.361 0 0 228.443 227.395 
4600 0.978865 0.0764054 200.734 0 0 201.868 200.885 
4800 0.946684 0.0787021 178.121 0 0 179.131 178.276 
5000 0.916306 0.0809114 158.758 0 0 159.759 158.796 
5200 0.887495 0.0830279 142.122 0 0 143.107 142.269 
5400 0.85987 0.0850806 127.726 0 0 128.672 127.817 
5600 0.833745 0.0870391 115.202 0 0 116.117 115.282 
5800 0.80863 0.0889361 104.268 0 0 105.167 104.361 
6000 0.784593 0.0907721 94.6262 0 0 95.5045 94.7206 
6200 0.761584 0.0925391 86.1948 0 0 87.0518 86.2904 
6400 0.73942 0.0942621 78.6641 0 0 79.4959 78.7479 
6600 0.718196 0.0959152 72.026 0 0 72.832 72.1231 
6800 0.697732 0.0975197 66.0587 0 0 66.8525 66.155 
7000 0.678139 0.09907 60.7649 0 0 61.5443 60.8627 
7200 0.659168 0.100579 55.9755 0 0 56.7373 56.075 
7400 0.640933 0.102035 51.7194 0 0 52.459 51.818 
7600 0.623342 0.103473 47.8317 0 0 48.5603 47.9419 
7800 0.606467 0.104827 44.3629 0 0 45.0739 44.4625 
8000 0.590068 0.106179 41.176 0 0 41.8732 41.2774 
8200 0.574352 0.107475 38.3235 0 0 39.0081 38.4373 
8400 0.559047 0.108753 35.695 0 0 36.3596 35.8092 
8600 0.544373 0.109986 33.3169 0 0 33.9655 33.4287 
8800 0.530174 0.111181 31.1427 0 0 31.779 31.2457 
9000 0.516553 0.112352 29.1442 0 0 29.7776 29.2544 
9200 0.503382 0.113485 27.3163 0 0 27.9292 27.4233 
9400 0.490547 0.114596 25.6312 0 0 26.2346 25.7449 
9600 0.478233 0.115686 24.0723 0 0 24.6738 24.189 
9800 0.4663 0.116736 22.6435 0 0 23.2307 22.7606 
10000 0.454818 0.117761 21.3253 0 0 21.8974 21.4427 
10200 0.443991 0.118744 20.1334 0 0 20.691 20.2512 
10400 0.432822 0.11976 18.96 0 0 19.503 19.0781 
10600 0.422716 0.12068 17.9444 0 0 18.486 18.0629 
10800 0.412887 0.121604 16.982 0 0 17.5098 17.1008 
11000 0.403105 0.122513 16.0701 0 0 16.5958 16.2007 
11200 0.393576 0.12342 15.2082 0 0 15.7326 15.3404 
11400 0.384568 0.124283 14.4274 0 0 14.9406 14.5499 
11600 0.375971 0.125099 13.7115 0 0 14.2132 13.8348 
11800 0.36741 0.125932 13.0181 0 0 13.511 13.1442 
12000 0.35922 0.126739 12.3749 0 0 12.861 12.5018 
12200 0.351396 0.127507 11.781 0 0 12.2603 11.9082 
12400 0.343558 0.128285 11.2049 0 0 11.6766 11.3324 
12600 0.33636 0.128989 10.6933 0 0 11.1589 10.8221 
12800 0.329123 0.129733 10.1896 0 0 10.6489 10.3197 
13000 0.322095 0.130452 9.72032 0 0 10.1726 9.85093 
13200 0.315379 0.131142 9.2838 0 0 9.72948 9.41462 
13400 0.308952 0.131807 8.8732 0 0 9.31326 9.00432 
13600 0.302632 0.132464 8.48163 0 0 8.9168 8.614 
13800 0.296602 0.133101 8.12152 0 0 8.55125 8.2543 
14000 0.290684 0.133722 7.77625 0 0 8.20092 7.90976 
14200 0.284874 0.13433 7.44489 0 0 7.86487 7.57944 
14400 0.27933 0.134922 7.13972 0 0 7.55437 7.2744 
14600 0.273943 0.135504 6.84712 0 0 7.25713 6.98261 
14800 0.268665 0.136074 6.56679 0 0 6.97198 6.70304 
15000 0.263494 0.136624 6.30146 0 0 6.70112 6.43797 
15200 0.258584 0.137159 6.05629 0 0 6.45138 6.19291 
15400 0.253763 0.137683 5.81797 0 0 6.20875 5.95514 
15600 0.249098 0.138195 5.59125 0 0 5.97888 5.72951 
15800 0.244665 0.138686 5.38416 0 0 5.76706 5.52258 
16000 0.240283 0.139172 5.1824 0 0 5.56119 5.32131 
16200 0.235957 0.139651 4.9871 0 0 5.36283 5.12706 
16400 0.23171 0.140116 4.80162 0 0 5.17361 4.94184 
16600 0.227585 0.140571 4.62403 0 0 4.99241 4.76458 
16800 0.223709 0.141005 4.46074 0 0 4.82616 4.60218 
17000 0.21989 0.141433 4.30388 0 0 4.66545 4.44577 
17200 0.216101 0.141857 4.15049 0 0 4.50774 4.29258 
17400 0.21249 0.142276 4.00552 0 0 4.35991 4.14772 
17600 0.208951 0.142683 3.86594 0 0 4.21752 4.00853 
17800 0.205546 0.143068 3.73637 0 0 4.08526 3.87989 
18000 0.202198 0.143443 3.61157 0 0 3.95776 3.75552 
18200 0.198886 0.143811 3.48995 0 0 3.83344 3.634 
18400 0.195645 0.144181 3.37429 0 0 3.71445 3.51844 
18600 0.19245 0.144548 3.2609 0 0 3.59772 3.40521 
18800 0.189554 0.144882 3.15842 0 0 3.49279 3.30353 
19000 0.186658 0.145214 3.05745 0 0 3.38935 3.20318 
19200 0.183762 0.145541 2.96099 0 0 3.29036 3.10684 
19400 0.180902 0.145865 2.86689 0 0 3.19374 3.01287 
19600 0.178094 0.146183 2.77635 0 0 3.10069 2.92246 
19800 0.17538 0.14649 2.69032 0 0 3.01242 2.83654 
20000 0.172744 0.146789 2.608 0 0 2.92806 2.75428 
20200 0.170234 0.147074 2.53042 0 0 2.84764 2.67723 
20400 0.167654 0.147362 2.45372 0 0 2.76857 2.60133 
20600 0.165205 0.147646 2.38097 0 0 2.69351 2.52891 
20800 0.162827 0.147927 2.31033 0 0 2.62062 2.45838 
21000 0.16051 0.14819 2.24344 0 0 2.5519 2.39153 
21200 0.158225 0.148444 2.17855 0 0 2.48544 2.32665 
21400 0.156006 0.148693 2.11694 0 0 2.42186 2.26511 
21600 0.153831 0.148941 2.05751 0 0 2.36021 2.20579 
21800 0.151689 0.149184 1.99973 0 0 2.30025 2.14808 
22000 0.149579 0.149423 1.94359 0 0 2.24199 2.09199 
22200 0.147511 0.149655 1.889 0 0 2.18553 2.03771 
22400 0.145507 0.149877 1.83676 0 0 2.13178 1.98618 
22600 0.143524 0.150097 1.78574 0 0 2.07913 1.9357 
22800 0.141606 0.150314 1.73839 0 0 2.02976 1.88842 
23000 0.139693 0.15053 1.69121 0 0 1.9806 1.84131 
23200 0.137878 0.150736 1.64737 0 0 1.93534 1.79753 
23400 0.136064 0.150942 1.60352 0 0 1.89009 1.75376 
23600 0.134314 0.151134 1.56192 0 0 1.84753 1.71266 
23800 0.13258 0.151323 1.52087 0 0 1.80565 1.67222 
24000 0.130887 0.151506 1.4817 0 0 1.76509 1.63339 
24200 0.129236 0.151683 1.4444 0 0 1.72587 1.59615 
24400 0.127597 0.15186 1.40756 0 0 1.68719 1.55937 
24600 0.126032 0.152035 1.37326 0 0 1.65164 1.52519 
24800 0.124467 0.15221 1.33897 0 0 1.61608 1.491 
25000 0.122926 0.152376 1.30602 0 0 1.58182 1.45827 
25200 0.121393 0.152539 1.27351 0 0 1.548 1.42604 
25400 0.119895 0.152695 1.24212 0 0 1.51524 1.39485 
25600 0.118461 0.152839 1.21278 0 0 1.48443 1.3656 
25800 0.117027 0.152984 1.18345 0 0 1.45363 1.33636 
26000 0.11563 0.153134 1.15551 0 0 1.42436 1.30856 
26200 0.114239 0.153285 1.12781 0 0 1.39536 1.28102 
26400 0.112882 0.153428 1.10103 0 0 1.36733 1.2544 
26600 0.111588 0.153555 1.07593 0 0 1.34108 1.22949 
26800 0.110293 0.153682 1.05084 0 0 1.31484 1.20459 
27000 0.109017 0.153814 1.02686 0 0 1.28971 1.18071 
27200 0.107748 0.153948 1.00324 0 0 1.26495 1.15718 
27400 0.10649 0.154078 0.979958 0 0 1.24053 1.13399 
27600 0.105303 0.154191 0.958535 0 0 1.21806 1.1127 
27800 0.104115 0.154304 0.937112 0 0 1.19559 1.09141 
28000 0.102943 0.154417 0.916242 0 0 1.17366 1.07067 
28200 0.10179 0.15453 0.896046 0 0 1.15241 1.05059 
28400 0.100638 0.154643 0.875851 0 0 1.13116 1.03052 
28600 0.0995376 0.154748 0.85707 0 0 1.11136 1.01182 
28800 0.0984552 0.154851 0.838761 0 0 1.09205 0.993592 
29000 0.0973727 0.154953 0.820453 0 0 1.07273 0.97536 
29200 0.0963413 0.15505 0.803419 0 0 1.05479 0.958433 
29400 0.0953125 0.155147 0.786453 0 0 1.03692 0.941575 
29600 0.0942853 0.155243 0.769575 0 0 1.01913 0.924804 
29800 0.0932726 0.155334 0.753504 0 0 1.0021 0.908819 
30000 0.09226 0.155426 0.737432 0 0 0.985069 0.892833 
30200 0.0912742 0.155516 0.722052 0 0 0.968822 0.877496 
30400 0.0903292 0.155599 0.707512 0 0 0.953426 0.863061 
30600 0.0893842 0.155682 0.692971 0 0 0.93803 0.848625 
30800 0.0884517 0.155762 0.678751 0 0 0.92297 0.834509 
31000 0.0875485 0.155835 0.665277 0 0 0.908692 0.821138 
31200 0.0866453 0.155908 0.651803 0 0 0.894414 0.807767 
31400 0.0857585 0.15598 0.638699 0 0 0.880502 0.794751 
31600 0.0849102 0.156049 0.626458 0 0 0.867447 0.782562 
31800 0.0840619 0.156118 0.614216 0 0 0.854391 0.770373 
32000 0.0832179 0.156188 0.602115 0 0 0.841485 0.758325 
32200 0.0823912 0.156258 0.590577 0 0 0.82918 0.74684 
32400 0.0815644 0.156329 0.579039 0 0 0.816875 0.735354 
32600 0.0807424 0.156398 0.567601 0 0 0.804676 0.723969 
32800 0.0799619 0.156451 0.557065 0 0 0.793437 0.713484 
33000 0.0791814 0.156505 0.546529 0 0 0.782198 0.702998 
33200 0.0784009 0.156559 0.535993 0 0 0.770959 0.692513 
33400 0.0776524 0.156613 0.526135 0 0 0.760412 0.682741 
33600 0.0769074 0.156667 0.516353 0 0 0.749943 0.673049 
33800 0.0761624 0.156721 0.50657 0 0 0.739474 0.663356 
34000 0.075438 0.156771 0.497263 0 0 0.729508 0.654109 
34200 0.0747246 0.15682 0.488212 0 0 0.719814 0.645102 
34400 0.0740112 0.156868 0.47916 0 0 0.71012 0.636095 
34600 0.0733119 0.156912 0.470383 0 0 0.700698 0.627362 
34800 0.0726386 0.15695 0.462116 0 0 0.691779 0.619137 
35000 0.0719654 0.156988 0.453848 0 0 0.68286 0.610912 
35200 0.0712922 0.157026 0.445581 0 0 0.673941 0.602688 
35400 0.0706362 0.15706 0.437779 0 0 0.665518 0.594919 
35600 0.0699812 0.157094 0.430001 0 0 0.657122 0.587174 
35800 0.0693262 0.157128 0.422223 0 0 0.648726 0.579429 
36000 0.0686967 0.157162 0.414877 0 0 0.640777 0.572097 
36200 0.0680882 0.157194 0.407882 0 0 0.633195 0.565103 
36400 0.0674798 0.157227 0.400888 0 0 0.625613 0.558109 
36600 0.0668712 0.15726 0.393894 0 0 0.618031 0.551115 
36800 0.0662802 0.157289 0.387291 0 0 0.610877 0.544543 
37000 0.0656891 0.157318 0.380689 0 0 0.603723 0.537972 
37200 0.065098 0.157347 0.374086 0 0 0.59657 0.531401 
37400 0.0645207 0.157373 0.367732 0 0 0.589673 0.525081 
37600 0.0639601 0.157397 0.361682 0 0 0.583092 0.519066 
37800 0.0633996 0.15742 0.355632 0 0 0.57651 0.513051 
38000 0.0628391 0.157444 0.349582 0 0 0.569928 0.507037 
38200 0.0623009 0.157464 0.343951 0 0 0.563777 0.501436 
38400 0.0617684 0.157483 0.338424 0 0 0.557732 0.495939 
38600 0.0612358 0.157503 0.332897 0 0 0.551688 0.490442 
38800 0.0607043 0.157522 0.327387 0 0 0.54566 0.484959 
39000 0.0601921 0.157533 0.322191 0 0 0.539948 0.479755 
39200 0.05968 0.157545 0.316995 0 0 0.534236 0.474551 
39400 0.0591678 0.157556 0.311799 0 0 0.528523 0.469347 
39600 0.0586627 0.157567 0.306723 0 0 0.522939 0.46428 
39800 0.0581741 0.157576 0.301925 0 0 0.517653 0.459531 
40000 0.0576854 0.157586 0.297128 0 0 0.512367 0.454783 
40200 0.05721 0.157591 0.29253 0 0 0.507345 0.450168 
40400 0.0567403 0.157597 0.28802 0 0 0.502398 0.445644 
40600 0.0562793 0.157605 0.28364 0 0 0.497563 0.441256 
40800 0.0558183 0.157613 0.27926 0 0 0.492729 0.436867 
41000 0.0553573 0.15762 0.27488 0 0 0.487895 0.432479 
41200 0.0549044 0.157624 0.270648 0 0 0.483212 0.428237 
41400 0.0544613 0.157624 0.266596 0 0 0.478713 0.424173 
41600 0.0540183 0.157624 0.262543 0 0 0.474214 0.42011 
41800 0.0535753 0.157624 0.258491 0 0 0.469715 0.416047 
42000 0.0531425 0.157624 0.254574 0 0 0.465371 0.412133 
42200 0.0527222 0.157624 0.250822 0 0 0.461214 0.408402 
42400 0.052302 0.157624 0.24707 0 0 0.457057 0.40467 
42600 0.0518817 0.157624 0.243318 0 0 0.4529 0.400938 
42800 0.0514673 0.157622 0.239674 0 0 0.448842 0.397301 
43000 0.0510639 0.157616 0.236227 0 0 0.444965 0.39384 
43200 0.0506605 0.15761 0.232781 0 0 0.441088 0.390379 
43400 0.050257 0.157604 0.229335 0 0 0.437211 0.386918 
43600 0.0498586 0.157597 0.225945 0 0 0.433399 0.383519 
43800 0.0494802 0.157587 0.22278 0 0 0.429849 0.38037 
44000 0.0491019 0.157577 0.219615 0 0 0.426299 0.377222 
44200 0.0487235 0.157567 0.216451 0 0 0.422749 0.374073 
44400 0.0483451 0.157557 0.213286 0 0 0.419199 0.370924 
44600 0.047977 0.157547 0.210319 0 0 0.415852 0.367917 
44800 0.04761 0.157537 0.207374 0 0 0.412527 0.364926 
45000 0.047243 0.157527 0.20443 0 0 0.409203 0.361935 
45200 0.0468761 0.157517 0.201485 0 0 0.405878 0.358944 
45400 0.0465231 0.157504 0.198692 0 0 0.40271 0.356123 
45600 0.0461795 0.157488 0.196001 0 0 0.399646 0.353414 
45800 0.0458358 0.157473 0.193309 0 0 0.396582 0.350705 
46000 0.0454922 0.157457 0.190618 0 0 0.393519 0.347996 
46200 0.0451507 0.157441 0.187954 0 0 0.390488 0.345319 
46400 0.044821 0.157422 0.185445 0 0 0.387645 0.342819 
46600 0.0444913 0.157403 0.182935 0 0 0.384802 0.34032 
46800 0.0441616 0.157384 0.180426 0 0 0.38196 0.337821 
47000 0.0438319 0.157365 0.177917 0 0 0.379117 0.335321 
47200 0.0435138 0.157346 0.175539 0 0 0.37641 0.332937 
47400 0.0432019 0.157327 0.173233 0 0 0.373776 0.330615 
47600 0.0428901 0.157309 0.170926 0 0 0.371143 0.328293 
47800 0.0425782 0.15729 0.168619 0 0 0.368509 0.325972 
48000 0.042267 0.157271 0.166322 0 0 0.365886 0.323658 
48200 0.0419687 0.157247 0.164209 0 0 0.363452 0.321495 
48400 0.0416703 0.157224 0.162095 0 0 0.361019 0.319332 
48600 0.041372 0.1572 0.159982 0 0 0.358586 0.317169 
48800 0.0410737 0.157176 0.157868 0 0 0.356153 0.315006 
49000 0.040781 0.157153 0.15581 0 0 0.353777 0.31291 
49200 0.0404988 0.157129 0.153855 0 0 0.351509 0.310937 
49400 0.0402165 0.157106 0.1519 0 0 0.349241 0.308964 
49600 0.0399343 0.157083 0.149945 0 0 0.346973 0.306991 
49800 0.039652 0.15706 0.14799 0 0 0.344705 0.305018 
50000 0.0393688 0.157032 0.146025 0 0 0.342423 0.303031 
50200 0.039098 0.157003 0.144222 0 0 0.340312 0.301208 
50400 0.0388273 0.156974 0.142419 0 0 0.338202 0.299386 
50600 0.0385565 0.156945 0.140616 0 0 0.336091 0.297563 
50800 0.0382858 0.156916 0.138813 0 0 0.333981 0.29574 
51000 0.038026 0.156888 0.137108 0 0 0.331995 0.293998 
51200 0.037771 0.156859 0.135444 0 0 0.330063 0.292291 
51400 0.0375161 0.156831 0.13378 0 0 0.328132 0.290584 
51600 0.0372611 0.156803 0.132116 0 0 0.3262 0.288877 
51800 0.0370061 0.156774 0.130452 0 0 0.324268 0.287171 
52000 0.0367594 0.156742 0.128871 0 0 0.322406 0.28557 
52200 0.0365163 0.156708 0.127326 0 0 0.320573 0.284014 
52400 0.0362731 0.156674 0.125781 0 0 0.31874 0.282458 
52600 0.03603 0.15664 0.124236 0 0 0.316907 0.280903 
52800 0.0357869 0.156606 0.122691 0 0 0.315075 0.279347 
53000 0.0355508 0.156573 0.121233 0 0 0.313347 0.277855 
53200 0.0353185 0.156541 0.119821 0 0 0.311676 0.276397 
53400 0.0350862 0.156509 0.118409 0 0 0.310005 0.274939 
53600 0.0348539 0.156477 0.116998 0 0 0.308334 0.273481 
53800 0.0346216 0.156444 0.115586 0 0 0.306664 0.272023 
54000 0.0343942 0.15641 0.114218 0 0 0.305033 0.270617 
54200 0.0341727 0.156372 0.112903 0 0 0.303451 0.269275 
54400 0.0339513 0.156335 0.111588 0 0 0.30187 0.267932 
54600 0.0337299 0.156297 0.110273 0 0 0.300289 0.266589 
54800 0.0335085 0.156259 0.108958 0 0 0.298707 0.265247 
55000 0.0332896 0.156222 0.107664 0 0 0.297153 0.263919 
55200 0.0330808 0.156185 0.106452 0 0 0.295707 0.262653 
55400 0.032872 0.156148 0.105241 0 0 0.294261 0.261387 
55600 0.0326632 0.156111 0.104029 0 0 0.292815 0.260121 
55800 0.0324544 0.156074 0.102817 0 0 0.291369 0.258855 
56000 0.0322456 0.156037 0.101605 0 0 0.289923 0.257588 
56200 0.0320447 0.155997 0.100481 0 0 0.288551 0.256434 
56400 0.0318452 0.155955 0.0993716 0 0 0.287191 0.255299 
56600 0.0316457 0.155914 0.0982625 0 0 0.285831 0.254164 
56800 0.0314462 0.155873 0.0971534 0 0 0.284472 0.253029 
57000 0.0312467 0.155831 0.0960442 0 0 0.283112 0.251894 
57200 0.0310512 0.15579 0.0949642 0 0 0.281787 0.250784 
57400 0.0308631 0.155749 0.093938 0 0 0.280527 0.249718 
57600 0.030675 0.155709 0.0929119 0 0 0.279267 0.248653 
57800 0.0304869 0.155668 0.0918858 0 0 0.278006 0.247587 
58000 0.0302988 0.155628 0.0908596 0 0 0.276746 0.246522 
58200 0.0301106 0.155587 0.0898334 0 0 0.275486 0.245456 
58400 0.0299293 0.155545 0.0888674 0 0 0.274295 0.244438 
58600 0.0297502 0.155503 0.0879213 0 0 0.273128 0.243437 
58800 0.0295711 0.155461 0.0869752 0 0 0.271961 0.242435 
59000 0.029392 0.155419 0.0860291 0 0 0.270793 0.241434 
59200 0.0292129 0.155376 0.085083 0 0 0.269626 0.240432 
59400 0.029034 0.155334 0.0841395 0 0 0.268461 0.239435 
59600 0.0288595 0.155291 0.0832446 0 0 0.267347 0.238523 
59800 0.028685 0.155247 0.0823498 0 0 0.266232 0.237611 
60000 0.0285105 0.155203 0.0814549 0 0 0.265117 0.236698 
60200 0.0283447 0.15516 0.0806057 0 0 0.264081 0.235787 
60400 0.0281789 0.155116 0.0797565 0 0 0.263044 0.234875 
60600 0.0280134 0.155072 0.0789176 0 0 0.262013 0.233978 
60800 0.027849 0.155027 0.0781095 0 0 0.261001 0.233126 
61000 0.0276846 0.154982 0.0773014 0 0 0.259988 0.232273 
61200 0.0275201 0.154936 0.0764933 0 0 0.258975 0.23142 
61400 0.0273557 0.154891 0.0756853 0 0 0.257962 0.230567 
61600 0.0271913 0.154846 0.0748772 0 0 0.256949 0.229715 
61800 0.0270309 0.154801 0.0740928 0 0 0.255962 0.228885 
62000 0.026878 0.154754 0.0733523 0 0 0.255023 0.228099 
62200 0.0267252 0.154707 0.0726118 0 0 0.254083 0.227313 
62400 0.0265724 0.15466 0.0718713 0 0 0.253144 0.226527 
62600 0.0264195 0.154613 0.0711308 0 0 0.252204 0.22574 
62800 0.0262667 0.154566 0.0703903 0 0 0.251265 0.224954 
63000 0.026116 0.154519 0.0696666 0 0 0.250343 0.224184 
63200 0.0259704 0.154471 0.0689823 0 0 0.24946 0.223453 
63400 0.0258248 0.154423 0.068298 0 0 0.248578 0.222721 
63600 0.0256792 0.154375 0.0676136 0 0 0.247696 0.22199 
63800 0.0255336 0.154326 0.0669293 0 0 0.246813 0.221258 
64000 0.025388 0.154278 0.0662449 0 0 0.245931 0.220527 
64200 0.0252432 0.15423 0.0655681 0 0 0.245058 0.219804 
64400 0.0251031 0.154183 0.064934 0 0 0.244233 0.219128 
64600 0.024963 0.154135 0.0642999 0 0 0.243409 0.218452 
64800 0.0248228 0.154088 0.0636658 0 0 0.242585 0.217776 
65000 0.0246827 0.154041 0.0630317 0 0 0.241761 0.2171 
65200 0.0245426 0.153993 0.0623976 0 0 0.240936 0.216424 
65400 0.0244025 0.153946 0.0617635 0 0 0.240112 0.215748 
65600 0.0242697 0.153895 0.0611773 0 0 0.239342 0.215107 
65800 0.0241377 0.153844 0.0605964 0 0 0.238577 0.21447 
66000 0.0240057 0.153793 0.0600156 0 0 0.237812 0.213833 
66200 0.0238737 0.153742 0.0594347 0 0 0.237048 0.213196 
66400 0.0237416 0.153691 0.0588538 0 0 0.236283 0.212558 
66600 0.0236096 0.15364 0.0582729 0 0 0.235518 0.211921 
66800 0.0234814 0.15359 0.0577162 0 0 0.234785 0.211311 
67000 0.0233569 0.153541 0.0571836 0 0 0.234082 0.210728 
67200 0.0232323 0.153492 0.0566511 0 0 0.233379 0.210144 
67400 0.0231078 0.153443 0.0561185 0 0 0.232677 0.209561 
67600 0.0229833 0.153394 0.0555859 0 0 0.231974 0.208978 
67800 0.0228588 0.153345 0.0550533 0 0 0.231272 0.208394 
68000 0.0227342 0.153295 0.0545208 0 0 0.230569 0.207811 
68200 0.0226161 0.153244 0.054023 0 0 0.229895 0.207255 
68400 0.0224984 0.153194 0.0535271 0 0 0.229222 0.206699 
68600 0.0223806 0.153142 0.0530312 0 0 0.22855 0.206144 
68800 0.0222629 0.153092 0.0525353 0 0 0.227877 0.205589 
69000 0.0221452 0.153041 0.0520394 0 0 0.227204 0.205034 
69200 0.0220274 0.15299 0.0515435 0 0 0.226532 0.204479 
69400 0.0219109 0.152937 0.0510595 0 0 0.225874 0.203938 
69600 0.0217973 0.152883 0.0506033 0 0 0.225252 0.203432 
69800 0.0216837 0.152828 0.050147 0 0 0.22463 0.202926 
70000 0.0215702 0.152773 0.0496908 0 0 0.224008 0.20242 
70200 0.0214566 0.152719 0.0492345 0 0 0.223386 0.201913 
70400 0.021343 0.152664 0.0487783 0 0 0.222764 0.201407 
70600 0.0212294 0.152609 0.048322 0 0 0.222142 0.200901 
70800 0.0211196 0.152557 0.0478854 0 0 0.221548 0.200411 
71000 0.021013 0.152506 0.0474648 0 0 0.220977 0.199934 
71200 0.0209064 0.152455 0.0470442 0 0 0.220406 0.199458 
71400 0.0207997 0.152404 0.0466237 0 0 0.219835 0.198981 
71600 0.0206931 0.152352 0.0462031 0 0 0.219264 0.198505 
71800 0.0205865 0.152301 0.0457825 0 0 0.218693 0.198028 
72000 0.0204798 0.15225 0.0453619 0 0 0.218122 0.197551 
72200 0.0203773 0.152197 0.0449621 0 0 0.21756 0.197105 
72400 0.0202771 0.152143 0.0445733 0 0 0.217003 0.196675 
72600 0.0201769 0.152089 0.0441846 0 0 0.216447 0.196245 
72800 0.0200767 0.152035 0.0437959 0 0 0.21589 0.195816 
73000 0.0199764 0.151981 0.0434071 0 0 0.215334 0.195386 
73200 0.0198762 0.151926 0.0430184 0 0 0.214777 0.194956 
73400 0.019776 0.151872 0.0426297 0 0 0.214221 0.194526 
73600 0.0196785 0.151818 0.0422606 0 0 0.213705 0.194106 
73800 0.0195829 0.151763 0.0419047 0 0 0.213216 0.193693 
74000 0.0194872 0.151708 0.0415487 0 0 0.212727 0.19328 
74200 0.0193916 0.151653 0.0411928 0 0 0.212238 0.192866 
74400 0.019296 0.151598 0.0408368 0 0 0.211749 0.192453 
74600 0.0192003 0.151543 0.0404809 0 0 0.21126 0.19204 
74800 0.0191047 0.151489 0.0401249 0 0 0.210771 0.191627 
75000 0.0190106 0.151434 0.0397792 0 0 0.210285 0.191226 
75200 0.0189187 0.15138 0.0394487 0 0 0.209803 0.190843 
75400 0.0188269 0.151326 0.0391182 0 0 0.209321 0.19046 
75600 0.018735 0.151272 0.0387877 0 0 0.208838 0.190077 
75800 0.0186432 0.151218 0.0384572 0 0 0.208356 0.189695 
76000 0.0185513 0.151163 0.0381267 0 0 0.207874 0.189312 
76200 0.0184595 0.151109 0.0377962 0 0 0.207392 0.188929 
76400 0.0183682 0.151055 0.0374686 0 0 0.206913 0.188549 
76600 0.0182825 0.151001 0.0371666 0 0 0.20646 0.188191 
76800 0.0181967 0.150946 0.0368646 0 0 0.206008 0.187834 
77000 0.018111 0.150892 0.0365626 0 0 0.205556 0.187477 
77200 0.0180252 0.150838 0.0362606 0 0 0.205104 0.18712 
77400 0.0179395 0.150783 0.0359587 0 0 0.204652 0.186763 
77600 0.0178538 0.150729 0.0356567 0 0 0.204199 0.186406 
77800 0.017768 0.150675 0.0353547 0 0 0.203747 0.186049 
78000 0.0176844 0.150621 0.0350659 0 0 0.20332 0.185703 
78200 0.0176021 0.150567 0.0347858 0 0 0.20291 0.185366 
78400 0.0175199 0.150513 0.0345057 0 0 0.2025 0.185029 
78600 0.0174376 0.15046 0.0342256 0 0 0.20209 0.184692 
78800 0.0173554 0.150406 0.0339456 0 0 0.20168 0.184354 
79000 0.0172732 0.150352 0.0336655 0 0 0.20127 0.184017 
79200 0.0171909 0.150299 0.0333854 0 0 0.20086 0.18368 
79400 0.0171087 0.150245 0.0331053 0 0 0.20045 0.183343 
79600 0.0170305 0.150186 0.0328432 0 0 0.200055 0.183024 
79800 0.0169524 0.150128 0.032581 0 0 0.19966 0.182705 
80000 0.0168743 0.150069 0.0323189 0 0 0.199265 0.182386 
80200 0.0167982 0.150014 0.0320649 0 0 0.198885 0.182075 
80400 0.0167221 0.149959 0.0318108 0 0 0.198506 0.181764 
80600 0.016646 0.149904 0.0315568 0 0 0.198126 0.181453 
80800 0.0165699 0.149849 0.0313028 0 0 0.197747 0.181142 
81000 0.0164943 0.149793 0.031053 0 0 0.197369 0.180836 
81200 0.01642 0.149738 0.0308161 0 0 0.196995 0.180545 
81400 0.0163457 0.149683 0.0305791 0 0 0.196621 0.180254 
81600 0.0162714 0.149628 0.0303422 0 0 0.196248 0.179963 
81800 0.016197 0.149573 0.0301052 0 0 0.195874 0.179672 
82000 0.0161227 0.149518 0.0298683 0 0 0.1955 0.179381 
82200 0.0160484 0.149463 0.0296314 0 0 0.195127 0.17909 
82400 0.0159741 0.149408 0.0293944 0 0 0.194753 0.178799 
82600 0.0159014 0.149352 0.0291629 0 0 0.194389 0.178512 
82800 0.0158322 0.149294 0.028944 0 0 0.194047 0.178236 
83000 0.0157631 0.149237 0.0287251 0 0 0.193705 0.17796 
83200 0.0156939 0.149179 0.0285062 0 0 0.193363 0.177683 
83400 0.0156247 0.149122 0.0282873 0 0 0.193021 0.177407 
83600 0.0155556 0.149064 0.0280684 0 0 0.19268 0.177131 
83800 0.0154864 0.149006 0.0278495 0 0 0.192338 0.176855 
84000 0.0154172 0.148949 0.0276306 0 0 0.191996 0.176578 
84200 0.0153489 0.148891 0.0274159 0 0 0.191659 0.176307 
84400 0.0152831 0.148835 0.027214 0 0 0.191334 0.17605 
84600 0.0152173 0.148778 0.027012 0 0 0.19101 0.175793 
84800 0.0151514 0.148721 0.02681 0 0 0.190686 0.175536 
85000 0.0150856 0.148665 0.026608 0 0 0.190362 0.175279 
85200 0.0150198 0.148608 0.0264061 0 0 0.190038 0.175022 
85400 0.014954 0.148551 0.0262041 0 0 0.189714 0.174765 
85600 0.0148881 0.148494 0.0260021 0 0 0.189389 0.174508 
85800 0.0148223 0.148438 0.0258001 0 0 0.189065 0.174251 
86000 0.0147597 0.148382 0.0256135 0 0 0.188759 0.174005 
86200 0.0146972 0.148327 0.0254269 0 0 0.188453 0.17376 
86400 0.0146346 0.148271 0.0252403 0 0 0.188147 0.173515 
86600 0.014572 0.148216 0.0250536 0 0 0.187842 0.17327 
86800 0.0145095 0.14816 0.024867 0 0 0.187536 0.173024 
87000 0.0144469 0.148105 0.0246804 0 0 0.18723 0.172779 
87200 0.0143843 0.148049 0.0244938 0 0 0.186924 0.172534 
87400 0.0143218 0.147994 0.0243071 0 0 0.186618 0.172289 
87600 0.0142614 0.147937 0.0241306 0 0 0.186325 0.172054 
87800 0.0142021 0.147879 0.0239594 0 0 0.186038 0.171826 
88000 0.0141429 0.147821 0.0237883 0 0 0.185751 0.171598 
88200 0.0140836 0.147763 0.0236171 0 0 0.185465 0.171369 
88400 0.0140244 0.147706 0.023446 0 0 0.185178 0.171141 
88600 0.0139651 0.147648 0.0232748 0 0 0.184891 0.170912 
88800 0.0139059 0.14759 0.0231037 0 0 0.184604 0.170684 
89000 0.0138466 0.147532 0.0229325 0 0 0.184318 0.170455 
89200 0.0137877 0.147475 0.0227627 0 0 0.184033 0.170228 
89400 0.0137318 0.147418 0.0226048 0 0 0.183763 0.170016 
89600 0.013676 0.147362 0.0224469 0 0 0.183493 0.169804 
89800 0.0136201 0.147306 0.0222891 0 0 0.183223 0.169591 
90000 0.0135642 0.147249 0.0221312 0 0 0.182953 0.169379 
90200 0.0135083 0.147193 0.0219733 0 0 0.182684 0.169166 
90400 0.0134524 0.147136 0.0218154 0 0 0.182414 0.168954 
90600 0.0133966 0.14708 0.0216575 0 0 0.182144 0.168741 
90800 0.0133407 0.147023 0.0214997 0 0 0.181874 0.168529 
91000 0.0132858 0.146967 0.0213459 0 0 0.181609 0.16832 
91200 0.0132326 0.146912 0.0211999 0 0 0.181354 0.168118 
91400 0.0131795 0.146856 0.0210538 0 0 0.181099 0.167916 
91600 0.0131263 0.146801 0.0209077 0 0 0.180844 0.167714 
91800 0.0130731 0.146745 0.0207616 0 0 0.180589 0.167512 
92000 0.01302 0.14669 0.0206156 0 0 0.180334 0.16731 
92200 0.0129668 0.146635 0.0204695 0 0 0.180078 0.167108 
92400 0.0129137 0.146579 0.0203234 0 0 0.179823 0.166905 
92600 0.0128605 0.146524 0.0201773 0 0 0.179568 0.166703 
92800 0.0128087 0.146468 0.020037 0 0 0.17932 0.166506 
93000 0.0127584 0.146412 0.0199038 0 0 0.179079 0.166314 
93200 0.0127081 0.146356 0.0197705 0 0 0.178839 0.166123 
93400 0.0126578 0.1463 0.0196373 0 0 0.178598 0.165931 
93600 0.0126075 0.146244 0.019504 0 0 0.178358 0.165739 
93800 0.0125573 0.146188 0.0193708 0 0 0.178117 0.165548 
94000 0.012507 0.146132 0.0192375 0 0 0.177877 0.165356 
94200 0.0124567 0.146076 0.0191043 0 0 0.177636 0.165164 
94400 0.0124064 0.14602 0.018971 0 0 0.177396 0.164973 
94600 0.0123572 0.145963 0.0188413 0 0 0.17716 0.164786 
94800 0.0123096 0.145905 0.0187169 0 0 0.176931 0.164607 
95000 0.012262 0.145847 0.0185925 0 0 0.176702 0.164428 
95200 0.0122144 0.145789 0.0184681 0 0 0.176473 0.164249 
95400 0.0121667 0.145731 0.0183437 0 0 0.176245 0.16407 
95600 0.0121191 0.145673 0.0182193 0 0 0.176016 0.16389 
95800 0.0120715 0.145615 0.0180949 0 0 0.175787 0.163711 
96000 0.0120239 0.145557 0.0179705 0 0 0.175558 0.163532 
96200 0.0119763 0.145499 0.0178461 0 0 0.175329 0.163353 
96400 0.011929 0.145442 0.0177233 0 0 0.175102 0.163175 
96600 0.0118836 0.145386 0.0176095 0 0 0.174886 0.163005 
96800 0.0118381 0.145331 0.0174957 0 0 0.174669 0.162835 
97000 0.0117927 0.145276 0.0173819 0 0 0.174453 0.162664 
97200 0.0117472 0.145221 0.0172681 0 0 0.174237 0.162494 
97400 0.0117018 0.145165 0.0171543 0 0 0.17402 0.162324 
97600 0.0116563 0.14511 0.0170405 0 0 0.173804 0.162153 
97800 0.0116109 0.145055 0.0169267 0 0 0.173587 0.161983 
98000 0.0115655 0.145 0.0168129 0 0 0.173371 0.161813 
98200 0.01152 0.144944 0.0166991 0 0 0.173154 0.161642 
98400 0.0114766 0.144888 0.0165917 0 0 0.172947 0.161478 
98600 0.0114338 0.144832 0.0164865 0 0 0.172744 0.161315 
98800 0.011391 0.144775 0.0163813 0 0 0.17254 0.161153 
99000 0.0113482 0.144719 0.016276 0 0 0.172337 0.160991 
99200 0.0113055 0.144662 0.0161708 0 0 0.172133 0.160828 
99400 0.0112627 0.144606 0.0160656 0 0 0.171929 0.160666 
99600 0.0112199 0.14455 0.0159604 0 0 0.171726 0.160503 
99800 0.0111771 0.144493 0.0158551 0 0 0.171522 0.160341 
100000 0.0111343 0.144437 0.0157499 0 0 0.171319 0.160179 
100200 0.0110978 0.144394 0.0156683 0 0 0.17116 0.160058 
100400 0.0110562 0.144336 0.0155686 0 0 0.17096 0.1599 
100600 0.0110145 0.144278 0.0154689 0 0 0.170761 0.159742 
100800 0.0109729 0.14422 0.0153691 0 0 0.170562 0.159584 
101000 0.0109312 0.144163 0.0152694 0 0 0.170363 0.159426 
101200 0.0108895 0.144105 0.0151697 0 0 0.170163 0.159268 
101400 0.0108479 0.144047 0.0150699 0 0 0.169964 0.15911 
101600 0.0108062 0.143989 0.0149702 0 0 0.169765 0.158951 
101800 0.0107645 0.143931 0.0148704 0 0 0.169566 0.158793 
102000 0.0107229 0.143873 0.0147707 0 0 0.169366 0.158635 
102200 0.0106829 0.143817 0.0146762 0 0 0.169175 0.158484 
102400 0.0106445 0.143762 0.0145868 0 0 0.16899 0.158341 
102600 0.0106061 0.143707 0.0144975 0 0 0.168806 0.158198 
102800 0.0105677 0.143652 0.0144082 0 0 0.168622 0.158054 
103000 0.0105293 0.143597 0.0143189 0 0 0.168438 0.157911 
103200 0.010491 0.143542 0.0142295 0 0 0.168254 0.157767 
103400 0.0104526 0.143487 0.0141402 0 0 0.16807 0.157624 
103600 0.0104142 0.143432 0.0140509 0 0 0.167885 0.157481 
103800 0.0103758 0.143377 0.0139616 0 0 0.167701 0.157337 
104000 0.0103375 0.143322 0.0138722 0 0 0.167517 0.157194 
104200 0.0103007 0.143268 0.0137877 0 0 0.167341 0.157055 
104400 0.0102654 0.143215 0.0137081 0 0 0.167174 0.15692 
104600 0.0102302 0.143161 0.0136284 0 0 0.167006 0.156786 
104800 0.010195 0.143107 0.0135488 0 0 0.166838 0.156651 
105000 0.0101598 0.143054 0.0134691 0 0 0.166671 0.156517 
105200 0.0101246 0.143 0.0133895 0 0 0.166503 0.156382 
105400 0.0100894 0.142947 0.0133098 0 0 0.166335 0.156248 
105600 0.0100541 0.142893 0.0132301 0 0 0.166168 0.156113 
105800 0.0100189 0.14284 0.0131505 0 0 0.166 0.155979 
106000 0.0099837 0.142786 0.0130708 0 0 0.165833 0.155844 
106200 0.00994848 0.142733 0.0129912 0 0 0.165665 0.15571 
106400 0.00991277 0.142675 0.0129127 0 0 0.165494 0.155575 
106600 0.00987707 0.142617 0.0128342 0 0 0.165323 0.155441 
106800 0.00984136 0.142559 0.0127557 0 0 0.165152 0.155307 
107000 0.00980565 0.142501 0.0126772 0 0 0.164981 0.155172 
107200 0.00976994 0.142443 0.0125987 0 0 0.164811 0.155038 
107400 0.00973423 0.142385 0.0125202 0 0 0.16464 0.154904 
107600 0.00969853 0.142327 0.0124417 0 0 0.164469 0.154769 
107800 0.00966282 0.142269 0.0123632 0 0 0.164298 0.154635 
108000 0.00962711 0.142211 0.0122847 0 0 0.164127 0.154501 
108200 0.0095914 0.142153 0.0122063 0 0 0.163956 0.154366 
108400 0.00956006 0.142102 0.0121392 0 0 0.163806 0.154247 
108600 0.00952873 0.142051 0.0120721 0 0 0.163655 0.154128 
108800 0.00949739 0.142 0.0120051 0 0 0.163504 0.154009 
109000 0.00946605 0.141949 0.011938 0 0 0.163354 0.15389 
109200 0.00943471 0.141897 0.011871 0 0 0.163203 0.153771 
109400 0.00940337 0.141846 0.0118039 0 0 0.163053 0.153652 
109600 0.00937204 0.141795 0.0117369 0 0 0.162902 0.153533 
109800 0.0093407 0.141744 0.0116698 0 0 0.162751 0.153414 
110000 0.00930936 0.141693 0.0116028 0 0 0.162601 0.153295 
110200 0.00927802 0.141642 0.0115357 0 0 0.16245 0.153176 
110400 0.00924669 0.141591 0.0114687 0 0 0.162299 0.153057 
110600 0.00921505 0.141534 0.0114027 0 0 0.162146 0.152936 
110800 0.00918342 0.141478 0.0113367 0 0 0.161994 0.152816 
111000 0.00915178 0.141421 0.0112707 0 0 0.161841 0.152695 
111200 0.00912014 0.141365 0.0112048 0 0 0.161688 0.152574 
111400 0.00908851 0.141309 0.0111388 0 0 0.161535 0.152454 
111600 0.00905687 0.141252 0.0110728 0 0 0.161382 0.152333 
111800 0.00902523 0.141196 0.0110069 0 0 0.161229 0.152213 
112000 0.0089936 0.141139 0.0109409 0 0 0.161076 0.152092 
112200 0.00896196 0.141083 0.0108749 0 0 0.160923 0.151971 
112400 0.00893032 0.141026 0.010809 0 0 0.16077 0.151851 
112600 0.00889992 0.140971 0.0107464 0 0 0.160623 0.151733 
112800 0.00887074 0.140917 0.0106872 0 0 0.16048 0.151619 
113000 0.00884157 0.140864 0.010628 0 0 0.160338 0.151505 
113200 0.00881239 0.14081 0.0105689 0 0 0.160195 0.15139 
113400 0.00878322 0.140756 0.0105097 0 0 0.160053 0.151276 
113600 0.00875404 0.140702 0.0104505 0 0 0.15991 0.151162 
113800 0.00872486 0.140648 0.0103914 0 0 0.159768 0.151047 
114000 0.00869569 0.140594 0.0103322 0 0 0.159625 0.150933 
114200 0.00866651 0.14054 0.010273 0 0 0.159483 0.150819 
114400 0.00863734 0.140487 0.0102138 0 0 0.159341 0.150704 
114600 0.00860816 0.140433 0.0101547 0 0 0.159198 0.15059 
114800 0.00858009 0.14038 0.0100985 0 0 0.15906 0.15048 
115000 0.00855311 0.140329 0.0100453 0 0 0.158928 0.150375 
115200 0.00852614 0.140278 0.00999216 0 0 0.158795 0.15027 
115400 0.00849917 0.140227 0.00993899 0 0 0.158662 0.150166 
115600 0.00847219 0.140176 0.00988582 0 0 0.158529 0.150061 
115800 0.00844522 0.140125 0.00983264 0 0 0.158396 0.149956 
116000 0.00841824 0.140073 0.00977947 0 0 0.158263 0.149851 
116200 0.00839127 0.140022 0.0097263 0 0 0.15813 0.149746 
116400 0.0083643 0.139971 0.00967313 0 0 0.157997 0.149641 
116600 0.00833732 0.13992 0.00961996 0 0 0.157864 0.149536 
116800 0.00831035 0.139869 0.00956679 0 0 0.157732 0.149431 
117000 0.00828337 0.139818 0.00951362 0 0 0.157599 0.149326 
117200 0.00825618 0.139763 0.00946136 0 0 0.157466 0.149219 
117400 0.00822899 0.139708 0.0094091 0 0 0.157333 0.149112 
117600 0.00820179 0.139653 0.00935685 0 0 0.157201 0.149006 
117800 0.0081746 0.139598 0.00930459 0 0 0.157068 0.148899 
118000 0.00814741 0.139543 0.00925234 0 0 0.156935 0.148792 
118200 0.00812021 0.139488 0.00920008 0 0 0.156803 0.148685 
118400 0.00809302 0.139433 0.00914783 0 0 0.15667 0.148578 
118600 0.00806583 0.139378 0.00909557 0 0 0.156537 0.148471 
118800 0.00803864 0.139322 0.00904332 0 0 0.156404 0.148364 
119000 0.00801144 0.139267 0.00899106 0 0 0.156272 0.148257 
119200 0.00798425 0.139212 0.00893881 0 0 0.156139 0.14815 
119400 0.00796023 0.139161 0.00889394 0 0 0.156018 0.148054 
119600 0.00793621 0.139109 0.00884908 0 0 0.155897 0.147958 
119800 0.00791219 0.139057 0.00880422 0 0 0.155776 0.147861 
120000 0.00788817 0.139005 0.00875936 0 0 0.155655 0.147765 
120200 0.00786416 0.138953 0.0087145 0 0 0.155535 0.147669 
120400 0.00784014 0.138901 0.00866964 0 0 0.155414 0.147573 
120600 0.00781612 0.138849 0.00862478 0 0 0.155293 0.147477 
120800 0.0077921 0.138797 0.00857992 0 0 0.155172 0.14738 
121000 0.00776808 0.138746 0.00853506 0 0 0.155051 0.147284 
121200 0.00774407 0.138694 0.0084902 0 0 0.15493 0.147188 
121400 0.00772005 0.138642 0.00844534 0 0 0.154809 0.147092 
121600 0.00769603 0.13859 0.00840048 0 0 0.154688 0.146995 
121800 0.0076728 0.13854 0.00835822 0 0 0.154572 0.146903 
122000 0.00764957 0.138489 0.00831596 0 0 0.154456 0.14681 
122200 0.00762633 0.138439 0.00827369 0 0 0.154339 0.146717 
122400 0.0076031 0.138388 0.00823143 0 0 0.154223 0.146625 
122600 0.00757987 0.138338 0.00818917 0 0 0.154107 0.146532 
122800 0.00755664 0.138287 0.0081469 0 0 0.153991 0.146439 
123000 0.00753341 0.138237 0.00810464 0 0 0.153874 0.146347 
123200 0.00751018 0.138186 0.00806238 0 0 0.153758 0.146254 
123400 0.00748695 0.138136 0.00802012 0 0 0.153642 0.146161 
123600 0.00746371 0.138086 0.00797785 0 0 0.153525 0.146069 
123800 0.00744048 0.138035 0.00793559 0 0 0.153409 0.145976 
124000 0.00741725 0.137985 0.00789333 0 0 0.153293 0.145884 
124200 0.00739482 0.137933 0.00785366 0 0 0.153178 0.145792 
124400 0.00737239 0.137882 0.007814 0 0 0.153064 0.1457 
124600 0.00734996 0.13783 0.00777433 0 0 0.15295 0.145608 
124800 0.00732753 0.137779 0.00773466 0 0 0.152835 0.145516 
125000 0.0073051 0.137727 0.007695 0 0 0.152721 0.145424 
125200 0.00728267 0.137676 0.00765533 0 0 0.152606 0.145332 
125400 0.00726024 0.137624 0.00761567 0 0 0.152492 0.14524 
125600 0.00723781 0.137573 0.007576 0 0 0.152377 0.145148 
125800 0.00721538 0.137521 0.00753633 0 0 0.152263 0.145056 
126000 0.00719295 0.13747 0.00749667 0 0 0.152148 0.144964 
126200 0.00717052 0.137418 0.007457 0 0 0.152034 0.144872 
126400 0.00714809 0.137367 0.00741734 0 0 0.151919 0.14478 
126600 0.00712643 0.137314 0.00738015 0 0 0.151808 0.14469 
126800 0.00710478 0.137261 0.00734296 0 0 0.151697 0.144601 
127000 0.00708312 0.137208 0.00730577 0 0 0.151587 0.144511 
127200 0.00706146 0.137155 0.00726858 0 0 0.151476 0.144421 
127400 0.0070398 0.137102 0.00723138 0 0 0.151365 0.144331 
127600 0.00701815 0.137049 0.0071942 0 0 0.151254 0.144241 
127800 0.00699649 0.136996 0.00715701 0 0 0.151143 0.144152 
128000 0.00697483 0.136943 0.00711982 0 0 0.151032 0.144062 
128200 0.00695317 0.13689 0.00708262 0 0 0.150921 0.143972 
128400 0.00693152 0.136837 0.00704543 0 0 0.15081 0.143882 
128600 0.00690986 0.136784 0.00700824 0 0 0.150699 0.143793 
128800 0.0068882 0.136731 0.00697105 0 0 0.150588 0.143703 
129000 0.00686902 0.136683 0.00693871 0 0 0.150488 0.143621 
129200 0.00684984 0.136634 0.00690637 0 0 0.150388 0.143539 
129400 0.00683066 0.136586 0.00687403 0 0 0.150287 0.143457 
129600 0.00681149 0.136537 0.00684169 0 0 0.150187 0.143375 
129800 0.00679231 0.136488 0.00680935 0 0 0.150087 0.143293 
130000 0.00677313 0.13644 0.006777 0 0 0.149986 0.143211 
130200 0.00675395 0.136391 0.00674466 0 0 0.149886 0.143129 
130400 0.00673477 0.136343 0.00671232 0 0 0.149785 0.143048 
130600 0.00671559 0.136294 0.00667998 0 0 0.149685 0.142966 
130800 0.00669641 0.136246 0.00664764 0 0 0.149585 0.142884 
131000 0.00667723 0.136197 0.0066153 0 0 0.149484 0.142802 
131200 0.00665805 0.136149 0.00658295 0 0 0.149384 0.14272 
131400 0.00663887 0.1361 0.00655061 0 0 0.149283 0.142638 
131600 0.00661948 0.136048 0.00651903 0 0 0.149182 0.142556 
131800 0.00660008 0.135996 0.00648745 0 0 0.149081 0.142475 
132000 0.00658068 0.135945 0.00645587 0 0 0.148979 0.142393 
132200 0.00656129 0.135893 0.00642429 0 0 0.148878 0.142311 
132400 0.00654189 0.135841 0.00639271 0 0 0.148777 0.142229 
132600 0.00652249 0.135789 0.00636112 0 0 0.148676 0.142148 
132800 0.0065031 0.135737 0.00632954 0 0 0.148574 0.142066 
133000 0.0064837 0.135685 0.00629796 0 0 0.148473 0.141984 
133200 0.0064643 0.135633 0.00626638 0 0 0.148372 0.141902 
133400 0.00644491 0.135582 0.0062348 0 0 0.14827 0.141821 
133600 0.00642551 0.13553 0.00620322 0 0 0.148169 0.141739 
133800 0.00640611 0.135478 0.00617163 0 0 0.148068 0.141657 
134000 0.00638782 0.135428 0.00614213 0 0 0.14797 0.141579 
134200 0.00637063 0.13538 0.00611469 0 0 0.147876 0.141504 
134400 0.00635344 0.135332 0.00608725 0 0 0.147782 0.141429 
134600 0.00633625 0.135284 0.00605982 0 0 0.147688 0.141354 
134800 0.00631906 0.135236 0.00603238 0 0 0.147593 0.141279 
135000 0.00630187 0.135188 0.00600495 0 0 0.147499 0.141204 
135200 0.00628468 0.13514 0.00597751 0 0 0.147405 0.141129 
135400 0.00626749 0.135092 0.00595007 0 0 0.147311 0.141054 
135600 0.0062503 0.135044 0.00592264 0 0 0.147217 0.140979 
135800 0.00623311 0.134996 0.0058952 0 0 0.147123 0.140903 
136000 0.00621591 0.134948 0.00586777 0 0 0.147029 0.140828 
136200 0.00619872 0.1349 0.00584033 0 0 0.146935 0.140753 
136400 0.00618153 0.134852 0.00581289 0 0 0.14684 0.140678 
136600 0.00616434 0.134804 0.00578546 0 0 0.146746 0.140603 
136800 0.00614701 0.134754 0.00575874 0 0 0.146653 0.140525 
137000 0.00612967 0.134704 0.00573203 0 0 0.146559 0.140447 
137200 0.00611233 0.134654 0.00570531 0 0 0.146466 0.14037 
137400 0.006095 0.134604 0.0056786 0 0 0.146373 0.140292 
137600 0.00607766 0.134554 0.00565188 0 0 0.146279 0.140214 
137800 0.00606032 0.134505 0.00562517 0 0 0.146186 0.140136 
138000 0.00604299 0.134455 0.00559845 0 0 0.146092 0.140058 
138200 0.00602565 0.134405 0.00557174 0 0 0.145999 0.13998 
138400 0.00600832 0.134355 0.00554503 0 0 0.145905 0.139902 
138600 0.00599098 0.134305 0.00551831 0 0 0.145812 0.139824 
138800 0.00597364 0.134255 0.0054916 0 0 0.145718 0.139746 
139000 0.00595631 0.134205 0.00546488 0 0 0.145625 0.139668 
139200 0.00593897 0.134155 0.00543817 0 0 0.145531 0.13959 
139400 0.00592295 0.134107 0.00541394 0 0 0.145442 0.139518 
139600 0.00590693 0.134058 0.00538971 0 0 0.145353 0.139446 
139800 0.00589091 0.134009 0.00536548 0 0 0.145264 0.139374 
140000 0.00587489 0.13396 0.00534124 0 0 0.145175 0.139301 
140200 0.00585887 0.133911 0.00531701 0 0 0.145086 0.139229 
140400 0.00584285 0.133862 0.00529278 0 0 0.144997 0.139157 
140600 0.00582683 0.133813 0.00526855 0 0 0.144908 0.139085 
140800 0.00581081 0.133764 0.00524432 0 0 0.144819 0.139013 
141000 0.00579479 0.133715 0.00522009 0 0 0.14473 0.138941 
141200 0.00577877 0.133666 0.00519586 0 0 0.144641 0.138868 
141400 0.00576275 0.133617 0.00517163 0 0 0.144552 0.138796 
141600 0.00574673 0.133568 0.0051474 0 0 0.144463 0.138724 
141800 0.00573071 0.133519 0.00512317 0 0 0.144374 0.138652 
142000 0.00571521 0.133471 0.0051001 0 0 0.144287 0.138581 
142200 0.00570022 0.133424 0.00507818 0 0 0.144203 0.138511 
142400 0.00568524 0.133376 0.00505627 0 0 0.144119 0.138442 
142600 0.00567026 0.133329 0.00503436 0 0 0.144035 0.138372 
142800 0.00565528 0.133282 0.00501245 0 0 0.143951 0.138303 
143000 0.0056403 0.133235 0.00499054 0 0 0.143867 0.138233 
143200 0.00562531 0.133187 0.00496863 0 0 0.143783 0.138163 
143400 0.00561033 0.13314 0.00494671 0 0 0.143699 0.138094 
143600 0.00559535 0.133093 0.0049248 0 0 0.143615 0.138024 
143800 0.00558037 0.133046 0.00490289 0 0 0.143531 0.137954 
144000 0.00556539 0.132999 0.00488098 0 0 0.143447 0.137885 
144200 0.0055504 0.132951 0.00485907 0 0 0.143363 0.137815 
144400 0.00553542 0.132904 0.00483715 0 0 0.143279 0.137746 
144600 0.00552044 0.132857 0.00481524 0 0 0.143195 0.137676 
144800 0.00550578 0.13281 0.00479396 0 0 0.143112 0.137607 
145000 0.00549145 0.132762 0.0047733 0 0 0.143029 0.137538 
145200 0.00547712 0.132715 0.00475265 0 0 0.142946 0.13747 
145400 0.00546279 0.132668 0.004732 0 0 0.142862 0.137401 
145600 0.00544845 0.132621 0.00471134 0 0 0.142779 0.137332 
145800 0.00543412 0.132574 0.00469069 0 0 0.142696 0.137263 
146000 0.00541979 0.132526 0.00467003 0 0 0.142613 0.137195 
146200 0.00540546 0.132479 0.00464938 0 0 0.14253 0.137126 
146400 0.00539113 0.132432 0.00462872 0 0 0.142447 0.137057 
146600 0.00537679 0.132385 0.00460807 0 0 0.142364 0.136989 
146800 0.00536246 0.132337 0.00458741 0 0 0.142281 0.13692 
147000 0.00534813 0.13229 0.00456676 0 0 0.142198 0.136851 
147200 0.0053338 0.132243 0.0045461 0 0 0.142115 0.136783 
147400 0.00531947 0.132196 0.00452545 0 0 0.142031 0.136714 
147600 0.00530565 0.132149 0.00450588 0 0 0.141952 0.136647 
147800 0.00529234 0.132103 0.0044874 0 0 0.141875 0.136582 
148000 0.00527904 0.132057 0.00446891 0 0 0.141798 0.136517 
148200 0.00526574 0.132011 0.00445043 0 0 0.141722 0.136452 
148400 0.00525243 0.131965 0.00443195 0 0 0.141645 0.136388 
148600 0.00523913 0.131919 0.00441346 0 0 0.141569 0.136323 
148800 0.00522582 0.131873 0.00439498 0 0 0.141492 0.136258 
149000 0.00521252 0.131827 0.0043765 0 0 0.141416 0.136193 
149200 0.00519921 0.131781 0.00435801 0 0 0.141339 0.136128 
149400 0.00518591 0.131735 0.00433953 0 0 0.141262 0.136063 
149600 0.00517261 0.131689 0.00432105 0 0 0.141186 0.135998 
149800 0.0051593 0.131643 0.00430256 0 0 0.141109 0.135933 
150000 0.005146 0.131597 0.00428408 0 0 0.141033 0.135868 
150200 0.005132 0.131548 0.00426446 0 0 0.140942 0.135806 
150400 0.00511801 0.131498 0.00424484 0 0 0.140852 0.135744 
150600 0.00510548 0.131453 0.00422791 0 0 0.140778 0.135681 
150800 0.00509295 0.131408 0.00421098 0 0 0.140704 0.135619 
151000 0.00508042 0.131363 0.00419405 0 0 0.14063 0.135557 
151200 0.00506789 0.131317 0.00417712 0 0 0.140556 0.135494 
151400 0.00505536 0.131272 0.00416019 0 0 0.140482 0.135432 
151600 0.00504283 0.131227 0.00414326 0 0 0.140408 0.135369 
151800 0.0050303 0.131182 0.00412633 0 0 0.140333 0.135307 
152000 0.00501777 0.131136 0.0041094 0 0 0.140259 0.135245 
152200 0.00500524 0.131091 0.00409247 0 0 0.140185 0.135182 
152400 0.00499271 0.131046 0.00407553 0 0 0.140111 0.13512 
152600 0.00498018 0.131001 0.0040586 0 0 0.140037 0.135058 
152800 0.00496765 0.130956 0.00404167 0 0 0.139963 0.134995 
153000 0.00495513 0.13091 0.00402474 0 0 0.139889 0.134933 
153200 0.0049426 0.130865 0.00400781 0 0 0.139815 0.13487 
153400 0.00493007 0.13082 0.00399088 0 0 0.13974 0.134808 
153600 0.00491804 0.130775 0.00397494 0 0 0.139667 0.134747 
153800 0.004906 0.13073 0.003959 0 0 0.139594 0.134687 
154000 0.00489397 0.130685 0.00394306 0 0 0.139521 0.134626 
154200 0.00488194 0.13064 0.00392712 0 0 0.139447 0.134565 
154400 0.00486991 0.130595 0.00391118 0 0 0.139374 0.134505 
154600 0.00485788 0.13055 0.00389524 0 0 0.139301 0.134444 
154800 0.00484585 0.130505 0.00387929 0 0 0.139228 0.134383 
155000 0.00483382 0.13046 0.00386335 0 0 0.139154 0.134323 
155200 0.00482178 0.130416 0.00384741 0 0 0.139081 0.134262 
155400 0.00480975 0.130371 0.00383147 0 0 0.139008 0.134201 
155600 0.00479772 0.130326 0.00381553 0 0 0.138935 0.134141 
155800 0.00478569 0.130281 0.00379959 0 0 0.138861 0.13408 
156000 0.00477366 0.130236 0.00378365 0 0 0.138788 0.134019 
156200 0.00476163 0.130191 0.00376771 0 0 0.138715 0.133959 
156400 0.0047496 0.130146 0.00375177 0 0 0.138641 0.133898 
156600 0.00473791 0.1301 0.00373673 0 0 0.138569 0.133836 
156800 0.00472623 0.130054 0.0037217 0 0 0.138497 0.133774 
157000 0.00471455 0.130008 0.00370666 0 0 0.138424 0.133712 
157200 0.00470287 0.129962 0.00369162 0 0 0.138352 0.133651 
157400 0.00469118 0.129916 0.00367659 0 0 0.138279 0.133589 
157600 0.0046795 0.12987 0.00366155 0 0 0.138207 0.133527 
157800 0.00466782 0.129823 0.00364651 0 0 0.138135 0.133465 
158000 0.00465614 0.129777 0.00363148 0 0 0.138062 0.133403 
158200 0.00464446 0.129731 0.00361644 0 0 0.13799 0.133342 
158400 0.00463277 0.129685 0.0036014 0 0 0.137917 0.13328 
158600 0.00462109 0.129639 0.00358637 0 0 0.137845 0.133218 
158800 0.00460941 0.129593 0.00357133 0 0 0.137773 0.133156 
159000 0.00459773 0.129547 0.0035563 0 0 0.1377 0.133094 
159200 0.00458604 0.129501 0.00354126 0 0 0.137628 0.133032 
159400 0.00457436 0.129455 0.00352622 0 0 0.137555 0.132971 
159600 0.00456354 0.129409 0.00351263 0 0 0.137486 0.132913 
159800 0.00455271 0.129364 0.00349903 0 0 0.137417 0.132855 
160000 0.00454189 0.129319 0.00348544 0 0 0.137348 0.132797 
160200 0.00453107 0.129273 0.00347185 0 0 0.137278 0.132739 
160400 0.00452024 0.129228 0.00345825 0 0 0.137209 0.132681 
160600 0.00450942 0.129182 0.00344466 0 0 0.13714 0.132623 
160800 0.0044986 0.129137 0.00343106 0 0 0.137071 0.132565 
161000 0.00448777 0.129091 0.00341747 0 0 0.137001 0.132508 
161200 0.00447695 0.129046 0.00340388 0 0 0.136932 0.13245 
161400 0.00446613 0.129001 0.00339028 0 0 0.136863 0.132392 
161600 0.0044553 0.128955 0.00337669 0 0 0.136794 0.132334 
161800 0.00444448 0.12891 0.00336309 0 0 0.136725 0.132276 
162000 0.00443366 0.128864 0.0033495 0 0 0.136655 0.132218 
162200 0.00442283 0.128819 0.0033359 0 0 0.136586 0.13216 
162400 0.00441201 0.128773 0.00332231 0 0 0.136517 0.132102 
162600 0.00440154 0.12873 0.00330935 0 0 0.136449 0.132046 
162800 0.00439143 0.128688 0.00329702 0 0 0.136383 0.131991 
163000 0.00438132 0.128645 0.0032847 0 0 0.136317 0.131935 
163200 0.00437121 0.128603 0.00327237 0 0 0.13625 0.13188 
163400 0.0043611 0.128561 0.00326004 0 0 0.136184 0.131825 
163600 0.004351 0.128519 0.00324772 0 0 0.136118 0.131769 
163800 0.00434089 0.128477 0.00323539 0 0 0.136051 0.131714 
164000 0.00433078 0.128435 0.00322306 0 0 0.135985 0.131659 
164200 0.00432067 0.128393 0.00321073 0 0 0.135919 0.131604 
164400 0.00431056 0.128351 0.00319841 0 0 0.135853 0.131548 
164600 0.00430045 0.128308 0.00318608 0 0 0.135786 0.131493 
164800 0.00429034 0.128266 0.00317375 0 0 0.13572 0.131438 
165000 0.00428023 0.128224 0.00316143 0 0 0.135654 0.131383 
165200 0.00427012 0.128182 0.0031491 0 0 0.135588 0.131327 
165400 0.00426001 0.12814 0.00313677 0 0 0.135521 0.131272 
165600 0.0042499 0.128098 0.00312445 0 0 0.135455 0.131217 
165800 0.0042401 0.128055 0.00311264 0 0 0.135391 0.131162 
166000 0.0042306 0.128013 0.00310134 0 0 0.135328 0.131109 
166200 0.0042211 0.12797 0.00309005 0 0 0.135265 0.131055 
166400 0.00421161 0.127927 0.00307875 0 0 0.135202 0.131002 
166600 0.00420211 0.127885 0.00306746 0 0 0.13514 0.130948 
166800 0.00419261 0.127842 0.00305616 0 0 0.135077 0.130894 
167000 0.00418312 0.127799 0.00304487 0 0 0.135014 0.130841 
167200 0.00417362 0.127757 0.00303357 0 0 0.134952 0.130787 
167400 0.00416413 0.127714 0.00302228 0 0 0.134889 0.130734 
167600 0.00415463 0.127671 0.00301098 0 0 0.134826 0.13068 
167800 0.00414513 0.127629 0.00299969 0 0 0.134763 0.130626 
168000 0.00413564 0.127586 0.0029884 0 0 0.134701 0.130573 
168200 0.00412614 0.127543 0.0029771 0 0 0.134638 0.130519 
168400 0.00411664 0.127501 0.00296581 0 0 0.134575 0.130466 
168600 0.00410715 0.127458 0.00295451 0 0 0.134513 0.130412 
168800 0.00409765 0.127415 0.00294322 0 0 0.13445 0.130358 
169000 0.00408816 0.127373 0.00293192 0 0 0.134387 0.130305 
169200 0.00407903 0.12733 0.00292128 0 0 0.134326 0.130252 
169400 0.00406991 0.127287 0.00291065 0 0 0.134264 0.130199 
169600 0.00406079 0.127245 0.00290001 0 0 0.134202 0.130146 
169800 0.00405167 0.127202 0.00288937 0 0 0.134141 0.130093 
170000 0.00404255 0.127159 0.00287873 0 0 0.134079 0.130039 
170200 0.00403343 0.127117 0.00286809 0 0 0.134017 0.129986 
170400 0.0040243 0.127074 0.00285746 0 0 0.133956 0.129933 
170600 0.00401518 0.127031 0.00284682 0 0 0.133894 0.12988 
170800 0.00400606 0.126989 0.00283618 0 0 0.133832 0.129827 
171000 0.00399694 0.126946 0.00282554 0 0 0.133771 0.129774 
171200 0.00398782 0.126903 0.00281491 0 0 0.133709 0.129721 
171400 0.0039787 0.126861 0.00280427 0 0 0.133647 0.129668 
171600 0.00396957 0.126818 0.00279363 0 0 0.133586 0.129615 
171800 0.00396045 0.126775 0.00278299 0 0 0.133524 0.129562 
172000 0.00395133 0.126733 0.00277235 0 0 0.133462 0.129509 
172200 0.00394221 0.12669 0.00276172 0 0 0.133401 0.129456 
172400 0.00393323 0.126647 0.00275144 0 0 0.133339 0.129403 
172600 0.00392439 0.126605 0.00274154 0 0 0.133277 0.12935 
172800 0.00391556 0.126562 0.00273163 0 0 0.133215 0.129297 
173000 0.00390672 0.126519 0.00272173 0 0 0.133153 0.129244 
173200 0.00389789 0.126477 0.00271182 0 0 0.133091 0.129191 
173400 0.00388905 0.126434 0.00270192 0 0 0.133029 0.129139 
173600 0.00388022 0.126391 0.00269201 0 0 0.132967 0.129086 
173800 0.00387138 0.126349 0.00268211 0 0 0.132905 0.129033 
174000 0.00386255 0.126306 0.0026722 0 0 0.132844 0.12898 
174200 0.00385371 0.126263 0.0026623 0 0 0.132782 0.128927 
174400 0.00384488 0.126221 0.00265239 0 0 0.13272 0.128874 
174600 0.00383604 0.126178 0.00264249 0 0 0.132658 0.128822 
174800 0.00382721 0.126135 0.00263258 0 0 0.132596 0.128769 
175000 0.00381837 0.126093 0.00262268 0 0 0.132534 0.128716 
175200 0.00380953 0.12605 0.00261277 0 0 0.132472 0.128663 
175400 0.0038007 0.126007 0.00260287 0 0 0.13241 0.12861 
175600 0.00379186 0.125965 0.00259296 0 0 0.132348 0.128558 
175800 0.00378388 0.125925 0.00258409 0 0 0.132291 0.128508 
176000 0.00377589 0.125884 0.00257522 0 0 0.132234 0.128459 
176200 0.0037679 0.125844 0.00256635 0 0 0.132177 0.12841 
176400 0.00375992 0.125804 0.00255748 0 0 0.132121 0.12836 
176600 0.00375193 0.125764 0.00254861 0 0 0.132064 0.128311 
176800 0.00374394 0.125723 0.00253974 0 0 0.132007 0.128262 
177000 0.00373595 0.125683 0.00253087 0 0 0.13195 0.128212 
177200 0.00372797 0.125643 0.002522 0 0 0.131893 0.128163 
177400 0.00371998 0.125603 0.00251313 0 0 0.131836 0.128114 
177600 0.00371199 0.125562 0.00250426 0 0 0.131779 0.128065 
177800 0.00370401 0.125522 0.00249539 0 0 0.131722 0.128015 
178000 0.00369602 0.125482 0.00248652 0 0 0.131665 0.127966 
178200 0.00368803 0.125442 0.00247765 0 0 0.131608 0.127917 
178400 0.00368004 0.125402 0.00246878 0 0 0.131551 0.127867 
178600 0.00367206 0.125361 0.00245991 0 0 0.131495 0.127818 
178800 0.00366407 0.125321 0.00245104 0 0 0.131438 0.127769 
179000 0.00365608 0.125281 0.00244217 0 0 0.131381 0.127719 
179200 0.00364823 0.12524 0.0024336 0 0 0.131324 0.12767 
179400 0.00364053 0.125199 0.00242535 0 0 0.131267 0.127621 
179600 0.00363282 0.125158 0.00241709 0 0 0.13121 0.127572 
179800 0.00362511 0.125117 0.00240883 0 0 0.131153 0.127523 
180000 0.00361741 0.125076 0.00240058 0 0 0.131096 0.127474 
180200 0.0036097 0.125035 0.00239232 0 0 0.131039 0.127425 
180400 0.00360199 0.124994 0.00238407 0 0 0.130982 0.127376 
180600 0.00359428 0.124953 0.00237581 0 0 0.130925 0.127327 
180800 0.00358658 0.124913 0.00236755 0 0 0.130869 0.127278 
181000 0.00357887 0.124872 0.0023593 0 0 0.130812 0.127229 
181200 0.00357116 0.124831 0.00235104 0 0 0.130755 0.12718 
181400 0.00356345 0.12479 0.00234279 0 0 0.130698 0.127131 
181600 0.00355575 0.124749 0.00233453 0 0 0.130641 0.127081 
181800 0.00354804 0.124708 0.00232627 0 0 0.130584 0.127032 
182000 0.00354033 0.124667 0.00231802 0 0 0.130527 0.126983 
182200 0.00353262 0.124626 0.00230976 0 0 0.13047 0.126934 
182400 0.00352492 0.124585 0.00230151 0 0 0.130413 0.126885 
182600 0.00351721 0.124544 0.00229325 0 0 0.130356 0.126836 
182800 0.00350976 0.124504 0.00228546 0 0 0.1303 0.126788 
183000 0.00350231 0.124463 0.00227767 0 0 0.130244 0.126739 
183200 0.00349487 0.124423 0.00226988 0 0 0.130188 0.12669 
183400 0.00348742 0.124383 0.00226208 0 0 0.130132 0.126642 
183600 0.00347997 0.124343 0.00225429 0 0 0.130075 0.126593 
183800 0.00347252 0.124302 0.0022465 0 0 0.130019 0.126545 
184000 0.00346508 0.124262 0.00223871 0 0 0.129963 0.126496 
184200 0.00345763 0.124222 0.00223092 0 0 0.129907 0.126448 
184400 0.00345018 0.124182 0.00222312 0 0 0.129851 0.126399 
184600 0.00344273 0.124142 0.00221533 0 0 0.129795 0.12635 
184800 0.00343529 0.124101 0.00220754 0 0 0.129738 0.126302 
185000 0.00342784 0.124061 0.00219975 0 0 0.129682 0.126253 
185200 0.00342039 0.124021 0.00219196 0 0 0.129626 0.126205 
185400 0.00341294 0.123981 0.00218416 0 0 0.12957 0.126156 
185600 0.0034055 0.12394 0.00217637 0 0 0.129514 0.126108 
185800 0.00339805 0.1239 0.00216858 0 0 0.129458 0.126059 
186000 0.0033906 0.12386 0.00216079 0 0 0.129401 0.12601 
186200 0.00338352 0.12382 0.00215346 0 0 0.129348 0.125964 
186400 0.00337681 0.123782 0.0021466 0 0 0.129296 0.125919 
186600 0.0033701 0.123743 0.00213974 0 0 0.129244 0.125874 
186800 0.00336339 0.123704 0.00213288 0 0 0.129193 0.125829 
187000 0.00335668 0.123665 0.00212601 0 0 0.129141 0.125784 
187200 0.00334997 0.123627 0.00211915 0 0 0.12909 0.125739 
187400 0.00334326 0.123588 0.00211229 0 0 0.129038 0.125694 
187600 0.00333655 0.123549 0.00210543 0 0 0.128987 0.125649 
187800 0.00332984 0.12351 0.00209857 0 0 0.128935 0.125604 
188000 0.00332313 0.123472 0.0020917 0 0 0.128884 0.125559 
188200 0.00331641 0.123433 0.00208484 0 0 0.128832 0.125514 
188400 0.0033097 0.123394 0.00207798 0 0 0.128781 0.125469 
188600 0.00330299 0.123355 0.00207112 0 0 0.128729 0.125423 
188800 0.00329628 0.123317 0.00206426 0 0 0.128678 0.125378 
189000 0.00328957 0.123278 0.00205739 0 0 0.128626 0.125333 
189200 0.00328286 0.123239 0.00205053 0 0 0.128575 0.125288 
189400 0.00327615 0.1232 0.00204367 0 0 0.128523 0.125243 
189600 0.00326944 0.123162 0.00203681 0 0 0.128472 0.125198 
189800 0.00326273 0.123123 0.00202995 0 0 0.12842 0.125153 
190000 0.00325618 0.123083 0.00202345 0 0 0.128368 0.125107 
190200 0.00324964 0.123044 0.00201696 0 0 0.128315 0.125061 
190400 0.0032431 0.123004 0.00201046 0 0 0.128263 0.125016 
190600 0.00323655 0.122964 0.00200397 0 0 0.12821 0.12497 
190800 0.00323001 0.122924 0.00199747 0 0 0.128158 0.124924 
191000 0.00322347 0.122885 0.00199098 0 0 0.128106 0.124878 
191200 0.00321692 0.122845 0.00198448 0 0 0.128053 0.124832 
191400 0.00321038 0.122805 0.00197799 0 0 0.128001 0.124786 
191600 0.00320384 0.122766 0.0019715 0 0 0.127948 0.12474 
191800 0.00319729 0.122726 0.001965 0 0 0.127896 0.124694 
192000 0.00319075 0.122686 0.00195851 0 0 0.127843 0.124648 
192200 0.0031842 0.122647 0.00195201 0 0 0.127791 0.124602 
192400 0.00317766 0.122607 0.00194552 0 0 0.127738 0.124556 
192600 0.00317112 0.122567 0.00193902 0 0 0.127686 0.12451 
192800 0.00316457 0.122528 0.00193253 0 0 0.127634 0.124464 
193000 0.00315803 0.122488 0.00192603 0 0 0.127581 0.124418 
193200 0.00315149 0.122448 0.00191954 0 0 0.127529 0.124372 
193400 0.00314494 0.122409 0.00191305 0 0 0.127476 0.124326 
193600 0.00313861 0.12237 0.00190681 0 0 0.127425 0.124282 
193800 0.0031325 0.122332 0.00190085 0 0 0.127374 0.124239 
194000 0.00312639 0.122294 0.00189488 0 0 0.127324 0.124196 
194200 0.00312027 0.122257 0.00188891 0 0 0.127274 0.124152 
194400 0.00311416 0.122219 0.00188295 0 0 0.127223 0.124109 
194600 0.00310804 0.122181 0.00187698 0 0 0.127173 0.124066 
194800 0.00310193 0.122144 0.00187101 0 0 0.127123 0.124023 
195000 0.00309582 0.122106 0.00186505 0 0 0.127072 0.12398 
195200 0.0030897 0.122068 0.00185908 0 0 0.127022 0.123937 
195400 0.00308359 0.12203 0.00185312 0 0 0.126971 0.123893 
195600 0.00307747 0.121993 0.00184715 0 0 0.126921 0.12385 
195800 0.00307136 0.121955 0.00184118 0 0 0.126871 0.123807 
196000 0.00306525 0.121917 0.00183522 0 0 0.12682 0.123764 
196200 0.00305913 0.121879 0.00182925 0 0 0.12677 0.123721 
196400 0.00305302 0.121842 0.00182328 0 0 0.126719 0.123678 
196600 0.0030469 0.121804 0.00181732 0 0 0.126669 0.123635 
196800 0.00304079 0.121766 0.00181135 0 0 0.126619 0.123591 
197000 0.00303468 0.121729 0.00180538 0 0 0.126568 0.123548 
197200 0.00302856 0.121691 0.00179942 0 0 0.126518 0.123505 
197400 0.00302252 0.121653 0.00179363 0 0 0.126468 0.123462 
197600 0.00301656 0.121616 0.00178803 0 0 0.126419 0.123419 
197800 0.00301059 0.121579 0.00178243 0 0 0.12637 0.123376 
198000 0.00300463 0.121542 0.00177684 0 0 0.126321 0.123333 
198200 0.00299866 0.121504 0.00177124 0 0 0.126272 0.12329 
198400 0.0029927 0.121467 0.00176564 0 0 0.126223 0.123247 
198600 0.00298673 0.12143 0.00176004 0 0 0.126174 0.123204 
198800 0.00298077 0.121393 0.00175444 0 0 0.126125 0.123162 
199000 0.0029748 0.121356 0.00174884 0 0 0.126077 0.123119 
199200 0.00296883 0.121318 0.00174324 0 0 0.126028 0.123076 
199400 0.00296287 0.121281 0.00173764 0 0 0.125979 0.123033 
199600 0.0029569 0.121244 0.00173204 0 0 0.12593 0.12299 
199800 0.00295094 0.121207 0.00172644 0 0 0.125881 0.122947 
200000 0.00294497 0.12117 0.00172084 0 0 0.125832 0.122904 
