1000 2.09397 0.0130066 1759.79 0 0 1761.89 1759.79 
1200 2.00956 0.0173726 1072.59 0 0 1074.54 1072.59 
1400 1.92892 0.0219689 704.445 0 0 706.398 704.445 
1600 1.84644 0.0265434 487.763 0 0 489.565 487.763 
1800 1.76297 0.0309756 351.57 0 0 353.342 351.585 
2000 1.68394 0.0352979 2033.84 0 0 2035.6 2033.86 
2200 1.6087 0.0394255 1657.65 0 0 1659.4 1657.66 
2400 1.53787 0.0433437 1330.97 0 0 1332.55 1331.09 
2600 1.47149 0.0470682 1067.92 0 0 1069.5 1067.93 
2800 1.40977 0.0506005 864.841 0 0 866.268 864.872 
3000 1.35247 0.0539487 710.975 0 0 712.372 710.99 
3200 1.29933 0.0571201 595.199 0 0 596.58 595.214 
3400 1.25005 0.0601279 505.507 0 0 506.845 505.533 
3600 1.20408 0.062987 433.962 0 0 435.193 433.98 
3800 1.16142 0.06569 375.735 0 0 376.956 375.906 
4000 1.12131 0.0682769 327.307 0 0 328.522 327.333 
4200 1.08398 0.0707353 286.746 0 0 287.804 286.772 
4400 1.04866 0.0730981 252.197 0 0 253.309 252.224 
4600 1.0154 0.0753427 222.78 0 0 223.962 222.942 
4800 0.983823 0.077517 197.779 0 0 198.821 197.943 
5000 0.954014 0.0796013 176.356 0 0 177.395 176.386 
5200 0.925628 0.0816109 157.941 0 0 158.965 158.098 
5400 0.898417 0.0835488 142.001 0 0 142.985 142.092 
5600 0.872557 0.0854091 128.126 0 0 129.079 128.204 
5800 0.847612 0.0872184 116.01 0 0 116.944 116.1 
6000 0.823633 0.0889883 105.319 0 0 106.235 105.412 
6200 0.800583 0.0906953 95.9657 0 0 96.8602 96.0603 
6400 0.778306 0.0923485 87.6101 0 0 88.4775 87.6904 
6600 0.756889 0.0939614 80.2408 0 0 81.0819 80.3354 
6800 0.736152 0.095516 73.613 0 0 74.4437 73.709 
7000 0.716257 0.0970429 67.7336 0 0 68.5482 67.829 
7200 0.696897 0.0985171 62.4112 0 0 63.2081 62.5073 
7400 0.678236 0.0999738 57.6788 0 0 58.4532 57.7757 
7600 0.66018 0.101384 53.3557 0 0 54.1197 53.465 
7800 0.642784 0.102749 49.4974 0 0 50.2426 49.5946 
8000 0.625862 0.104098 45.9524 0 0 46.6835 46.05 
8200 0.609588 0.105412 42.778 0 0 43.4965 42.891 
8400 0.59368 0.106689 39.8508 0 0 40.5492 39.9641 
8600 0.578401 0.107934 37.2037 0 0 37.8827 37.3142 
8800 0.563573 0.10916 34.7831 0 0 35.4489 34.882 
9000 0.549329 0.110352 32.556 0 0 33.2207 32.6635 
9200 0.535526 0.111517 30.5197 0 0 31.1626 30.6238 
9400 0.522045 0.112651 28.6416 0 0 29.2742 28.7534 
9600 0.509096 0.113764 26.9038 0 0 27.5353 27.0188 
9800 0.496523 0.114838 25.3112 0 0 25.9275 25.4265 
10000 0.484397 0.115903 23.8414 0 0 24.4411 23.957 
10200 0.472937 0.116924 22.5122 0 0 23.096 22.628 
10400 0.461121 0.117963 21.2037 0 0 21.7716 21.3198 
10600 0.450393 0.118921 20.0707 0 0 20.6378 20.187 
10800 0.43998 0.119865 18.9967 0 0 19.5488 19.1134 
11000 0.429567 0.12081 17.9789 0 0 18.5296 18.1093 
11200 0.419437 0.121754 17.0169 0 0 17.5669 17.1491 
11400 0.409856 0.12265 16.1456 0 0 16.6833 16.2663 
11600 0.400686 0.123498 15.3466 0 0 15.8713 15.4679 
11800 0.391555 0.124365 14.5723 0 0 15.0877 14.6967 
12000 0.382825 0.125203 13.8539 0 0 14.3622 13.9793 
12200 0.374474 0.126002 13.1907 0 0 13.6916 13.3162 
12400 0.366096 0.126813 12.5472 0 0 13.0399 12.6731 
12600 0.358418 0.127558 11.9757 0 0 12.4618 12.1029 
12800 0.350678 0.128331 11.4129 0 0 11.8923 11.5416 
13000 0.343156 0.129068 10.8884 0 0 11.3603 11.0177 
13200 0.335973 0.129782 10.4005 0 0 10.8654 10.53 
13400 0.329105 0.130483 9.94158 0 0 10.4004 10.0714 
13600 0.322335 0.131165 9.50383 0 0 9.95757 9.6349 
13800 0.315882 0.131825 9.10123 0 0 9.5491 9.23269 
14000 0.309546 0.132476 8.71518 0 0 9.1576 8.84736 
14200 0.303322 0.133116 8.34464 0 0 8.78202 8.47789 
14400 0.29739 0.133728 8.00327 0 0 8.43486 8.13673 
14600 0.291626 0.134331 7.67599 0 0 8.1026 7.81039 
14800 0.285977 0.134924 7.36242 0 0 7.78385 7.49763 
15000 0.280437 0.135503 7.06559 0 0 7.48102 7.20092 
15200 0.275187 0.136057 6.79132 0 0 7.20171 6.92673 
15400 0.270029 0.136602 6.52457 0 0 6.93041 6.66059 
15600 0.265022 0.137143 6.27085 0 0 6.67338 6.40807 
15800 0.260271 0.137648 6.03908 0 0 6.43647 6.17645 
16000 0.255579 0.138148 5.81326 0 0 6.20621 5.95112 
16200 0.250957 0.138642 5.59463 0 0 5.98431 5.73359 
16400 0.246417 0.13912 5.38699 0 0 5.77263 5.52618 
16600 0.242004 0.139586 5.18812 0 0 5.56992 5.32769 
16800 0.237854 0.140032 5.00519 0 0 5.38396 5.14582 
17000 0.233762 0.140478 4.82954 0 0 5.20409 4.97064 
17200 0.229702 0.140924 4.6578 0 0 5.0275 4.79906 
17400 0.225843 0.141352 4.49543 0 0 4.86211 4.63675 
17600 0.222064 0.141768 4.3391 0 0 4.70282 4.48079 
17800 0.218433 0.142163 4.19396 0 0 4.55486 4.33661 
18000 0.214855 0.142553 4.0541 0 0 4.41215 4.19718 
18200 0.21131 0.142939 3.91775 0 0 4.27294 4.06093 
18400 0.207846 0.143311 3.78815 0 0 4.13972 3.93141 
18600 0.204432 0.143678 3.6611 0 0 4.00902 3.80453 
18800 0.201347 0.144027 3.5463 0 0 3.89157 3.69063 
19000 0.198262 0.144372 3.43316 0 0 3.77578 3.57819 
19200 0.195177 0.144705 3.32503 0 0 3.66497 3.47014 
19400 0.192128 0.145038 3.21956 0 0 3.55682 3.36475 
19600 0.189132 0.14537 3.11808 0 0 3.45266 3.26334 
19800 0.186233 0.145685 3.02165 0 0 3.35384 3.16699 
20000 0.183413 0.145986 2.92934 0 0 3.25937 3.07476 
20200 0.180742 0.146282 2.84237 0 0 3.16929 2.98831 
20400 0.177993 0.146574 2.75638 0 0 3.08076 2.90316 
20600 0.175385 0.146862 2.67479 0 0 2.99669 2.82191 
20800 0.172855 0.147148 2.59558 0 0 2.91502 2.74277 
21000 0.170388 0.147414 2.52055 0 0 2.83805 2.6678 
21200 0.167956 0.147671 2.44777 0 0 2.76361 2.59509 
21400 0.165597 0.147923 2.37868 0 0 2.69245 2.52605 
21600 0.163286 0.148174 2.31204 0 0 2.62346 2.45947 
21800 0.161005 0.14842 2.24723 0 0 2.55631 2.39471 
22000 0.158752 0.148664 2.18426 0 0 2.49101 2.33179 
22200 0.156548 0.148902 2.12302 0 0 2.42774 2.27088 
22400 0.154417 0.149132 2.06439 0 0 2.36753 2.21301 
22600 0.152313 0.14936 2.00714 0 0 2.30854 2.15633 
22800 0.150285 0.149578 1.95402 0 0 2.2532 2.10326 
23000 0.148262 0.149796 1.90109 0 0 2.1981 2.05039 
23200 0.146333 0.149996 1.8519 0 0 2.1474 2.00124 
23400 0.144404 0.150196 1.80272 0 0 2.0967 1.95209 
23600 0.142547 0.150388 1.756 0 0 2.04903 1.90593 
23800 0.140707 0.150577 1.70989 0 0 2.00212 1.86053 
24000 0.138912 0.150764 1.66591 0 0 1.9567 1.81692 
24200 0.13716 0.15095 1.62406 0 0 1.91277 1.77509 
24400 0.135421 0.151134 1.58271 0 0 1.86945 1.73379 
24600 0.133754 0.151309 1.54422 0 0 1.82962 1.6954 
24800 0.132088 0.151484 1.50574 0 0 1.7898 1.65701 
25000 0.130453 0.15165 1.46874 0 0 1.75143 1.62026 
25200 0.128829 0.151813 1.43225 0 0 1.71354 1.58404 
25400 0.127242 0.151971 1.39699 0 0 1.67683 1.549 
25600 0.125723 0.152121 1.36405 0 0 1.64231 1.51615 
25800 0.124205 0.152271 1.33111 0 0 1.60778 1.4833 
26000 0.122726 0.152416 1.29974 0 0 1.57498 1.45207 
26200 0.121254 0.152561 1.26865 0 0 1.54249 1.42112 
26400 0.119815 0.152703 1.23857 0 0 1.51108 1.3912 
26600 0.118439 0.152841 1.21039 0 0 1.48168 1.36322 
26800 0.117062 0.15298 1.1822 0 0 1.45227 1.33524 
27000 0.11571 0.15311 1.15526 0 0 1.4241 1.30841 
27200 0.114367 0.153237 1.12874 0 0 1.39635 1.28196 
27400 0.113036 0.153363 1.10258 0 0 1.36899 1.25588 
27600 0.11178 0.15348 1.07851 0 0 1.3438 1.23195 
27800 0.110524 0.153596 1.05445 0 0 1.31862 1.20802 
28000 0.109285 0.153711 1.031 0 0 1.29405 1.18471 
28200 0.108065 0.153822 1.00831 0 0 1.27024 1.16214 
28400 0.106846 0.153933 0.985611 0 0 1.24643 1.13957 
28600 0.105682 0.154041 0.964513 0 0 1.22424 1.11856 
28800 0.104537 0.154149 0.943948 0 0 1.2026 1.09806 
29000 0.103392 0.154256 0.923382 0 0 1.18095 1.07757 
29200 0.102294 0.154351 0.904236 0 0 1.16085 1.05853 
29400 0.101199 0.154446 0.885165 0 0 1.14083 1.03958 
29600 0.100107 0.154541 0.866194 0 0 1.1209 1.02072 
29800 0.099039 0.154634 0.848135 0 0 1.10181 1.00275 
30000 0.0979712 0.154727 0.830077 0 0 1.08271 0.984774 
30200 0.0969281 0.154822 0.812789 0 0 1.06452 0.967515 
30400 0.0959277 0.154904 0.796446 0 0 1.04726 0.95129 
30600 0.0949273 0.154985 0.780104 0 0 1.03 0.935064 
30800 0.0939402 0.155065 0.76412 0 0 1.01312 0.919194 
31000 0.0929845 0.15514 0.748975 0 0 0.997133 0.904155 
31200 0.0920288 0.155215 0.733831 0 0 0.981143 0.889116 
31400 0.0910906 0.155289 0.7191 0 0 0.965559 0.874475 
31600 0.0901934 0.155362 0.705334 0 0 0.950923 0.860764 
31800 0.0892961 0.155435 0.691569 0 0 0.936286 0.847053 
32000 0.0884032 0.155507 0.677962 0 0 0.921819 0.8335 
32200 0.0875277 0.155574 0.66499 0 0 0.908031 0.820579 
32400 0.0866522 0.155642 0.652018 0 0 0.894242 0.807658 
32600 0.0857817 0.155709 0.639159 0 0 0.880574 0.794849 
32800 0.0849557 0.155765 0.627313 0 0 0.867986 0.783054 
33000 0.0841296 0.155821 0.615467 0 0 0.855398 0.771259 
33200 0.0833035 0.155878 0.603621 0 0 0.84281 0.759465 
33400 0.0825114 0.155933 0.592536 0 0 0.830991 0.748466 
33600 0.081723 0.155989 0.581535 0 0 0.819258 0.737555 
33800 0.0809346 0.156044 0.570534 0 0 0.807524 0.726644 
34000 0.0801679 0.156093 0.560064 0 0 0.796359 0.716237 
34200 0.0794128 0.156139 0.549882 0 0 0.7855 0.706101 
34400 0.0786578 0.156184 0.539699 0 0 0.774641 0.695966 
34600 0.0779175 0.156229 0.529826 0 0 0.764085 0.686139 
34800 0.0772045 0.156273 0.52053 0 0 0.754093 0.676884 
35000 0.0764915 0.156318 0.511233 0 0 0.744101 0.66763 
35200 0.0757786 0.156362 0.501937 0 0 0.734109 0.658375 
35400 0.0750845 0.156398 0.493156 0 0 0.724675 0.649633 
35600 0.0743914 0.156433 0.484402 0 0 0.71527 0.640917 
35800 0.0736983 0.156468 0.475648 0 0 0.705865 0.632202 
36000 0.0730318 0.156503 0.467382 0 0 0.696963 0.623952 
36200 0.072387 0.156537 0.459517 0 0 0.688472 0.616083 
36400 0.0717423 0.156571 0.451651 0 0 0.679981 0.608213 
36600 0.0710975 0.156604 0.443785 0 0 0.67149 0.600344 
36800 0.0704722 0.156634 0.436353 0 0 0.663477 0.592949 
37000 0.0698469 0.156664 0.428922 0 0 0.655464 0.585554 
37200 0.0692216 0.156693 0.42149 0 0 0.647451 0.578158 
37400 0.0686103 0.156721 0.414339 0 0 0.639727 0.571043 
37600 0.0680161 0.156745 0.407531 0 0 0.632358 0.56427 
37800 0.0674219 0.15677 0.400723 0 0 0.624988 0.557497 
38000 0.0668278 0.156795 0.393915 0 0 0.617618 0.550724 
38200 0.0662575 0.156819 0.38758 0 0 0.610733 0.544422 
38400 0.0656931 0.156843 0.381363 0 0 0.603968 0.538238 
38600 0.0651288 0.156867 0.375146 0 0 0.597203 0.532055 
38800 0.0645656 0.15689 0.368948 0 0 0.590457 0.525887 
39000 0.0640229 0.156902 0.363099 0 0 0.584061 0.520032 
39200 0.0634802 0.156914 0.357251 0 0 0.577665 0.514176 
39400 0.0629375 0.156926 0.351402 0 0 0.571269 0.508321 
39600 0.0624023 0.156939 0.345688 0 0 0.565015 0.502617 
39800 0.0618845 0.156952 0.340288 0 0 0.559092 0.497269 
40000 0.0613666 0.156965 0.334887 0 0 0.553169 0.491921 
40200 0.0608625 0.156974 0.329711 0 0 0.547556 0.48674 
40400 0.0603647 0.156983 0.324634 0 0 0.542023 0.481655 
40600 0.0598761 0.15699 0.319704 0 0 0.536613 0.476716 
40800 0.0593875 0.156998 0.314774 0 0 0.531202 0.471777 
41000 0.0588989 0.157006 0.309844 0 0 0.525791 0.466837 
41200 0.0584186 0.157012 0.305079 0 0 0.52055 0.462063 
41400 0.0579485 0.157015 0.300518 0 0 0.515515 0.45749 
41600 0.0574784 0.157019 0.295956 0 0 0.510479 0.452916 
41800 0.0570083 0.157023 0.291394 0 0 0.505444 0.448343 
42000 0.0565491 0.157027 0.286984 0 0 0.500583 0.443937 
42200 0.0561033 0.15703 0.282759 0 0 0.495934 0.439735 
42400 0.0556575 0.157034 0.278534 0 0 0.491286 0.435533 
42600 0.0552117 0.157038 0.274309 0 0 0.486637 0.431332 
42800 0.0547721 0.157039 0.270204 0 0 0.482098 0.427239 
43000 0.0543439 0.157035 0.266325 0 0 0.477763 0.423348 
43200 0.0539158 0.157031 0.262446 0 0 0.473427 0.419458 
43400 0.0534877 0.157028 0.258567 0 0 0.469091 0.415567 
43600 0.0530649 0.157024 0.25475 0 0 0.464829 0.411746 
43800 0.0526636 0.157017 0.251186 0 0 0.460861 0.408201 
44000 0.0522622 0.15701 0.247621 0 0 0.456894 0.404656 
44200 0.0518609 0.157003 0.244056 0 0 0.452926 0.40111 
44400 0.0514596 0.156996 0.240491 0 0 0.448958 0.397565 
44600 0.0510686 0.156989 0.237151 0 0 0.445213 0.394183 
44800 0.0506788 0.156982 0.233835 0 0 0.441493 0.39082 
45000 0.050289 0.156975 0.230519 0 0 0.437773 0.387456 
45200 0.0498992 0.156968 0.227203 0 0 0.434054 0.384093 
45400 0.0495242 0.156955 0.224058 0 0 0.430512 0.380921 
45600 0.049159 0.156938 0.221027 0 0 0.42709 0.377876 
45800 0.0487938 0.156921 0.217996 0 0 0.423668 0.374832 
46000 0.0484287 0.156904 0.214965 0 0 0.420245 0.371788 
46200 0.0480658 0.156888 0.211964 0 0 0.41686 0.368778 
46400 0.047716 0.156874 0.209138 0 0 0.413682 0.365968 
46600 0.0473662 0.156861 0.206311 0 0 0.410505 0.363158 
46800 0.0470165 0.156848 0.203485 0 0 0.407328 0.360348 
47000 0.0466667 0.156834 0.200658 0 0 0.40415 0.357537 
47200 0.0463288 0.156819 0.197979 0 0 0.401126 0.354854 
47400 0.0459974 0.156803 0.19538 0 0 0.398184 0.352239 
47600 0.045666 0.156786 0.192781 0 0 0.395242 0.349623 
47800 0.0453346 0.15677 0.190182 0 0 0.392301 0.347008 
48000 0.045004 0.156753 0.187594 0 0 0.38937 0.344402 
48200 0.044687 0.156731 0.185214 0 0 0.386654 0.341974 
48400 0.04437 0.156709 0.182834 0 0 0.383938 0.339545 
48600 0.044053 0.156686 0.180453 0 0 0.381221 0.337116 
48800 0.043736 0.156664 0.178073 0 0 0.378505 0.334688 
49000 0.043425 0.156642 0.175755 0 0 0.375854 0.332333 
49200 0.0431252 0.15662 0.173552 0 0 0.373322 0.330114 
49400 0.0428255 0.156598 0.17135 0 0 0.370791 0.327896 
49600 0.0425257 0.156576 0.169147 0 0 0.36826 0.325677 
49800 0.042226 0.156554 0.166945 0 0 0.365728 0.323459 
50000 0.0419244 0.156529 0.164728 0 0 0.363177 0.321229 
50200 0.0416366 0.156501 0.162697 0 0 0.36082 0.319179 
50400 0.0413488 0.156473 0.160666 0 0 0.358462 0.317128 
50600 0.0410609 0.156445 0.158635 0 0 0.356104 0.315078 
50800 0.0407731 0.156418 0.156604 0 0 0.353747 0.313028 
51000 0.0404971 0.15639 0.154682 0 0 0.351532 0.311071 
51200 0.0402262 0.156363 0.152807 0 0 0.349378 0.309155 
51400 0.0399552 0.156336 0.150931 0 0 0.347224 0.307238 
51600 0.0396843 0.156309 0.149056 0 0 0.345071 0.305322 
51800 0.0394134 0.156282 0.147181 0 0 0.342917 0.303405 
52000 0.0391512 0.156253 0.145399 0 0 0.340843 0.301608 
52200 0.0388927 0.156223 0.143657 0 0 0.338802 0.299863 
52400 0.0386343 0.156194 0.141916 0 0 0.336762 0.298117 
52600 0.0383758 0.156164 0.140174 0 0 0.334722 0.296371 
52800 0.0381174 0.156134 0.138433 0 0 0.332682 0.294625 
53000 0.0378662 0.156103 0.136789 0 0 0.330755 0.29295 
53200 0.037619 0.156071 0.135198 0 0 0.328889 0.291312 
53400 0.0373717 0.15604 0.133607 0 0 0.327023 0.289675 
53600 0.0371245 0.156008 0.132016 0 0 0.325157 0.288037 
53800 0.0368773 0.155976 0.130425 0 0 0.323291 0.286399 
54000 0.0366353 0.155942 0.128883 0 0 0.321474 0.28482 
54200 0.0363999 0.155905 0.127401 0 0 0.319714 0.283312 
54400 0.0361644 0.155867 0.125919 0 0 0.317955 0.281805 
54600 0.035929 0.15583 0.124437 0 0 0.316195 0.280297 
54800 0.0356936 0.155793 0.122955 0 0 0.314436 0.278789 
55000 0.0354608 0.155757 0.121496 0 0 0.312706 0.277299 
55200 0.0352387 0.155723 0.12013 0 0 0.311095 0.275879 
55400 0.0350167 0.155689 0.118764 0 0 0.309483 0.274458 
55600 0.0347946 0.155655 0.117399 0 0 0.307872 0.273038 
55800 0.0345726 0.155622 0.116033 0 0 0.306261 0.271617 
56000 0.0343505 0.155588 0.114667 0 0 0.304649 0.270197 
56200 0.0341368 0.155551 0.113399 0 0 0.303122 0.268902 
56400 0.0339247 0.155512 0.112149 0 0 0.301609 0.26763 
56600 0.0337125 0.155474 0.110899 0 0 0.300096 0.266357 
56800 0.0335003 0.155436 0.109648 0 0 0.298583 0.265084 
57000 0.0332881 0.155398 0.108398 0 0 0.29707 0.263812 
57200 0.0330802 0.155359 0.10718 0 0 0.295596 0.262566 
57400 0.0328801 0.155318 0.106023 0 0 0.294193 0.26137 
57600 0.03268 0.155278 0.104867 0 0 0.292791 0.260174 
57800 0.0324799 0.155238 0.10371 0 0 0.291388 0.258978 
58000 0.0322799 0.155198 0.102553 0 0 0.289985 0.257781 
58200 0.0320798 0.155158 0.101396 0 0 0.288583 0.256585 
58400 0.0318871 0.155118 0.100307 0 0 0.287258 0.255446 
58600 0.0316968 0.155078 0.0992406 0 0 0.285959 0.254326 
58800 0.0315066 0.155039 0.098174 0 0 0.28466 0.253207 
59000 0.0313164 0.154999 0.0971074 0 0 0.283361 0.252087 
59200 0.0311261 0.15496 0.0960408 0 0 0.282062 0.250967 
59400 0.0309361 0.15492 0.094977 0 0 0.280766 0.249852 
59600 0.03075 0.154876 0.0939675 0 0 0.27953 0.248828 
59800 0.0305638 0.154831 0.092958 0 0 0.278294 0.247803 
60000 0.0303777 0.154787 0.0919486 0 0 0.277058 0.246779 
60200 0.0302013 0.154743 0.0909906 0 0 0.275905 0.245758 
60400 0.0300249 0.1547 0.0900327 0 0 0.274753 0.244737 
60600 0.0298488 0.154656 0.0890865 0 0 0.273608 0.243732 
60800 0.0296736 0.154613 0.0881757 0 0 0.272485 0.242777 
61000 0.0294985 0.15457 0.0872649 0 0 0.271363 0.241823 
61200 0.0293234 0.154526 0.086354 0 0 0.27024 0.240868 
61400 0.0291482 0.154483 0.0854432 0 0 0.269118 0.239914 
61600 0.0289731 0.15444 0.0845324 0 0 0.267995 0.238959 
61800 0.0288023 0.154396 0.083648 0 0 0.266899 0.238031 
62000 0.0286397 0.154351 0.0828127 0 0 0.265854 0.237152 
62200 0.0284771 0.154307 0.0819773 0 0 0.264809 0.236273 
62400 0.0283145 0.154262 0.081142 0 0 0.263764 0.235394 
62600 0.0281519 0.154217 0.0803066 0 0 0.262719 0.234516 
62800 0.0279893 0.154173 0.0794713 0 0 0.261674 0.233637 
63000 0.027829 0.154127 0.078655 0 0 0.260648 0.232777 
63200 0.0276742 0.154078 0.0778832 0 0 0.259669 0.231961 
63400 0.0275194 0.154029 0.0771114 0 0 0.25869 0.231146 
63600 0.0273645 0.15398 0.0763396 0 0 0.257711 0.23033 
63800 0.0272097 0.153931 0.0755678 0 0 0.256731 0.229514 
64000 0.0270549 0.153882 0.074796 0 0 0.255752 0.228699 
64200 0.0269009 0.153834 0.0740326 0 0 0.254783 0.227892 
64400 0.0267517 0.153788 0.0733173 0 0 0.253869 0.227138 
64600 0.0266024 0.153743 0.072602 0 0 0.252956 0.226383 
64800 0.0264532 0.153697 0.0718868 0 0 0.252043 0.225628 
65000 0.026304 0.153651 0.0711715 0 0 0.25113 0.224874 
65200 0.0261547 0.153606 0.0704562 0 0 0.250217 0.224119 
65400 0.0260055 0.15356 0.0697409 0 0 0.249304 0.223365 
65600 0.0258641 0.153511 0.0690794 0 0 0.248452 0.222647 
65800 0.0257235 0.153462 0.068424 0 0 0.247607 0.221934 
66000 0.0255829 0.153413 0.0677685 0 0 0.246762 0.22122 
66200 0.0254424 0.153363 0.067113 0 0 0.245917 0.220507 
66400 0.0253018 0.153314 0.0664576 0 0 0.245073 0.219794 
66600 0.0251612 0.153265 0.0658021 0 0 0.244228 0.21908 
66800 0.0250247 0.153216 0.065174 0 0 0.243417 0.218398 
67000 0.0248921 0.153168 0.0645733 0 0 0.242639 0.217747 
67200 0.0247596 0.15312 0.0639726 0 0 0.241862 0.217095 
67400 0.0246271 0.153072 0.0633719 0 0 0.241085 0.216444 
67600 0.0244945 0.153023 0.0627712 0 0 0.240307 0.215793 
67800 0.024362 0.152975 0.0621705 0 0 0.23953 0.215142 
68000 0.0242295 0.152927 0.0615698 0 0 0.238753 0.214491 
68200 0.0241038 0.152877 0.0610084 0 0 0.238008 0.213872 
68400 0.0239784 0.152828 0.0604491 0 0 0.237265 0.213256 
68600 0.0238531 0.152778 0.0598897 0 0 0.236522 0.212639 
68800 0.0237277 0.152728 0.0593304 0 0 0.235779 0.212023 
69000 0.0236024 0.152679 0.058771 0 0 0.235036 0.211406 
69200 0.023477 0.152629 0.0582117 0 0 0.234293 0.210789 
69400 0.023353 0.152579 0.0576657 0 0 0.233566 0.210188 
69600 0.0232322 0.152528 0.0571509 0 0 0.232879 0.209623 
69800 0.0231114 0.152477 0.0566361 0 0 0.232191 0.209058 
70000 0.0229906 0.152425 0.0561213 0 0 0.231504 0.208493 
70200 0.0228697 0.152374 0.0556065 0 0 0.230816 0.207928 
70400 0.0227489 0.152323 0.0550917 0 0 0.230129 0.207362 
70600 0.0226281 0.152272 0.0545768 0 0 0.229441 0.206797 
70800 0.0225112 0.15222 0.0540841 0 0 0.228786 0.206252 
71000 0.0223976 0.152168 0.0536093 0 0 0.228157 0.205723 
71200 0.022284 0.152116 0.0531346 0 0 0.227528 0.205194 
71400 0.0221704 0.152063 0.0526599 0 0 0.226899 0.204665 
71600 0.0220568 0.152011 0.0521851 0 0 0.226269 0.204136 
71800 0.0219431 0.151959 0.0517104 0 0 0.22564 0.203607 
72000 0.0218295 0.151907 0.0512357 0 0 0.225011 0.203078 
72200 0.0217205 0.151855 0.0507845 0 0 0.224392 0.202583 
72400 0.021614 0.151804 0.050346 0 0 0.223779 0.202106 
72600 0.0215075 0.151753 0.0499074 0 0 0.223165 0.201629 
72800 0.0214009 0.151702 0.0494689 0 0 0.222552 0.201151 
73000 0.0212944 0.151651 0.0490304 0 0 0.221938 0.200674 
73200 0.0211879 0.151599 0.0485919 0 0 0.221325 0.200197 
73400 0.0210814 0.151548 0.0481534 0 0 0.220711 0.19972 
73600 0.0209777 0.151495 0.0477369 0 0 0.220143 0.199254 
73800 0.0208759 0.151441 0.0473352 0 0 0.219605 0.198795 
74000 0.0207741 0.151387 0.0469334 0 0 0.219066 0.198336 
74200 0.0206723 0.151333 0.0465317 0 0 0.218528 0.197877 
74400 0.0205705 0.151278 0.04613 0 0 0.21799 0.197418 
74600 0.0204687 0.151224 0.0457282 0 0 0.217452 0.196959 
74800 0.0203669 0.15117 0.0453265 0 0 0.216914 0.1965 
75000 0.0202667 0.151116 0.0449362 0 0 0.216378 0.196055 
75200 0.0201687 0.151063 0.044563 0 0 0.215848 0.195631 
75400 0.0200708 0.151009 0.0441898 0 0 0.215317 0.195208 
75600 0.0199729 0.150956 0.0438167 0 0 0.214786 0.194784 
75800 0.0198749 0.150902 0.0434435 0 0 0.214255 0.19436 
76000 0.019777 0.150849 0.0430703 0 0 0.213724 0.193936 
76200 0.0196791 0.150795 0.0426971 0 0 0.213194 0.193512 
76400 0.0195818 0.150741 0.0423272 0 0 0.212666 0.193091 
76600 0.0194907 0.150687 0.0419865 0 0 0.212169 0.192697 
76800 0.0193996 0.150633 0.0416457 0 0 0.211673 0.192302 
77000 0.0193085 0.150579 0.0413049 0 0 0.211176 0.191908 
77200 0.0192174 0.150525 0.0409642 0 0 0.21068 0.191513 
77400 0.0191262 0.150471 0.0406234 0 0 0.210183 0.191119 
77600 0.0190351 0.150417 0.0402827 0 0 0.209686 0.190724 
77800 0.018944 0.150363 0.0399419 0 0 0.20919 0.19033 
78000 0.0188549 0.150309 0.039616 0 0 0.208722 0.189948 
78200 0.0187672 0.150256 0.0392998 0 0 0.208273 0.189574 
78400 0.0186794 0.150203 0.0389837 0 0 0.207825 0.189201 
78600 0.0185917 0.150149 0.0386676 0 0 0.207376 0.188827 
78800 0.018504 0.150096 0.0383515 0 0 0.206928 0.188454 
79000 0.0184162 0.150043 0.0380354 0 0 0.206479 0.18808 
79200 0.0183285 0.149989 0.0377193 0 0 0.20603 0.187707 
79400 0.0182407 0.149936 0.0374032 0 0 0.205582 0.187333 
79600 0.0181576 0.149881 0.0371073 0 0 0.205146 0.186983 
79800 0.0180745 0.149826 0.0368114 0 0 0.204711 0.186633 
80000 0.0179914 0.149771 0.0365155 0 0 0.204275 0.186282 
80200 0.0179108 0.149717 0.0362288 0 0 0.203864 0.185941 
80400 0.0178301 0.149663 0.0359421 0 0 0.203453 0.185599 
80600 0.0177495 0.149609 0.0356554 0 0 0.203042 0.185258 
80800 0.0176689 0.149556 0.0353686 0 0 0.202631 0.184916 
81000 0.0175885 0.149502 0.0350867 0 0 0.20222 0.18458 
81200 0.017509 0.149447 0.0348192 0 0 0.201808 0.184259 
81400 0.0174295 0.149392 0.0345517 0 0 0.201396 0.183937 
81600 0.0173499 0.149337 0.0342842 0 0 0.200984 0.183616 
81800 0.0172704 0.149283 0.0340167 0 0 0.200572 0.183295 
82000 0.0171909 0.149228 0.0337492 0 0 0.20016 0.182974 
82200 0.0171113 0.149173 0.0334817 0 0 0.199749 0.182653 
82400 0.0170318 0.149118 0.0332142 0 0 0.199337 0.182332 
82600 0.0169541 0.149062 0.0329528 0 0 0.198936 0.182016 
82800 0.0168805 0.149005 0.0327057 0 0 0.198563 0.181711 
83000 0.016807 0.148947 0.0324586 0 0 0.19819 0.181407 
83200 0.0167335 0.148889 0.0322115 0 0 0.197817 0.181103 
83400 0.01666 0.148831 0.0319644 0 0 0.197444 0.180799 
83600 0.0165865 0.148773 0.0317173 0 0 0.197071 0.180495 
83800 0.016513 0.148715 0.0314702 0 0 0.196698 0.180191 
84000 0.0164395 0.148658 0.0312231 0 0 0.196324 0.179887 
84200 0.0163669 0.148601 0.0309807 0 0 0.195956 0.179588 
84400 0.0162969 0.148546 0.0307527 0 0 0.195603 0.179306 
84600 0.0162269 0.148491 0.0305246 0 0 0.19525 0.179024 
84800 0.0161569 0.148437 0.0302965 0 0 0.194897 0.178742 
85000 0.0160869 0.148382 0.0300684 0 0 0.194544 0.178459 
85200 0.0160169 0.148327 0.0298403 0 0 0.19419 0.178177 
85400 0.0159469 0.148273 0.0296122 0 0 0.193837 0.177895 
85600 0.0158769 0.148218 0.0293841 0 0 0.193484 0.177613 
85800 0.0158069 0.148164 0.029156 0 0 0.193131 0.177331 
86000 0.0157401 0.148108 0.0289453 0 0 0.192798 0.177065 
86200 0.0156733 0.148052 0.0287346 0 0 0.192465 0.176798 
86400 0.0156065 0.147996 0.0285239 0 0 0.192133 0.176532 
86600 0.0155397 0.147941 0.0283132 0 0 0.1918 0.176266 
86800 0.0154729 0.147885 0.0281025 0 0 0.191467 0.176 
87000 0.0154062 0.147829 0.0278918 0 0 0.191134 0.175734 
87200 0.0153394 0.147773 0.0276811 0 0 0.190802 0.175467 
87400 0.0152726 0.147718 0.0274704 0 0 0.190469 0.175201 
87600 0.0152082 0.147661 0.0272711 0 0 0.190149 0.174945 
87800 0.0151451 0.147605 0.0270778 0 0 0.189836 0.174693 
88000 0.0150821 0.147549 0.0268846 0 0 0.189524 0.174442 
88200 0.015019 0.147493 0.0266913 0 0 0.189211 0.174191 
88400 0.0149559 0.147437 0.0264981 0 0 0.188898 0.17394 
88600 0.0148928 0.14738 0.0263048 0 0 0.188586 0.173689 
88800 0.0148297 0.147324 0.0261116 0 0 0.188273 0.173437 
89000 0.0147666 0.147268 0.0259183 0 0 0.18796 0.173186 
89200 0.0147039 0.147212 0.0257266 0 0 0.18765 0.172937 
89400 0.0146444 0.147157 0.0255483 0 0 0.187356 0.172703 
89600 0.0145849 0.147102 0.02537 0 0 0.187063 0.17247 
89800 0.0145253 0.147047 0.0251917 0 0 0.186769 0.172237 
90000 0.0144658 0.146992 0.0250134 0 0 0.186476 0.172003 
90200 0.0144063 0.146937 0.0248351 0 0 0.186182 0.17177 
90400 0.0143468 0.146882 0.0246568 0 0 0.185888 0.171536 
90600 0.0142872 0.146827 0.0244784 0 0 0.185595 0.171303 
90800 0.0142277 0.146773 0.0243001 0 0 0.185301 0.171069 
91000 0.0141693 0.146717 0.0241265 0 0 0.185014 0.170841 
91200 0.0141128 0.146662 0.0239615 0 0 0.184739 0.170621 
91400 0.0140563 0.146606 0.0237965 0 0 0.184464 0.170402 
91600 0.0139999 0.14655 0.0236316 0 0 0.184189 0.170183 
91800 0.0139434 0.146495 0.0234666 0 0 0.183914 0.169963 
92000 0.0138869 0.146439 0.0233016 0 0 0.183639 0.169744 
92200 0.0138305 0.146383 0.0231367 0 0 0.183364 0.169525 
92400 0.013774 0.146327 0.0229717 0 0 0.183089 0.169305 
92600 0.0137175 0.146272 0.0228067 0 0 0.182814 0.169086 
92800 0.0136623 0.146217 0.0226483 0 0 0.182545 0.168871 
93000 0.0136086 0.146162 0.0224978 0 0 0.182282 0.168662 
93200 0.0135549 0.146107 0.0223473 0 0 0.18202 0.168453 
93400 0.0135013 0.146052 0.0221969 0 0 0.181758 0.168244 
93600 0.0134476 0.145997 0.0220464 0 0 0.181496 0.168035 
93800 0.0133939 0.145943 0.021896 0 0 0.181233 0.167825 
94000 0.0133402 0.145888 0.0217455 0 0 0.180971 0.167616 
94200 0.0132865 0.145833 0.0215951 0 0 0.180709 0.167407 
94400 0.0132328 0.145778 0.0214446 0 0 0.180447 0.167198 
94600 0.0131803 0.145723 0.0212981 0 0 0.180191 0.166995 
94800 0.0131296 0.145666 0.0211576 0 0 0.179946 0.166802 
95000 0.0130789 0.145609 0.0210171 0 0 0.179701 0.166609 
95200 0.0130281 0.145552 0.0208765 0 0 0.179456 0.166416 
95400 0.0129774 0.145495 0.020736 0 0 0.179211 0.166223 
95600 0.0129267 0.145439 0.0205955 0 0 0.178966 0.166029 
95800 0.012876 0.145382 0.0204549 0 0 0.17872 0.165836 
96000 0.0128252 0.145325 0.0203144 0 0 0.178475 0.165643 
96200 0.0127745 0.145268 0.0201739 0 0 0.17823 0.16545 
96400 0.0127242 0.145211 0.0200351 0 0 0.177987 0.165258 
96600 0.0126759 0.145156 0.0199066 0 0 0.177753 0.165072 
96800 0.0126276 0.1451 0.0197781 0 0 0.17752 0.164887 
97000 0.0125793 0.145044 0.0196495 0 0 0.177287 0.164702 
97200 0.012531 0.144988 0.019521 0 0 0.177054 0.164516 
97400 0.0124827 0.144932 0.0193924 0 0 0.17682 0.164331 
97600 0.0124345 0.144876 0.0192639 0 0 0.176587 0.164146 
97800 0.0123862 0.14482 0.0191354 0 0 0.176354 0.16396 
98000 0.0123379 0.144764 0.0190068 0 0 0.17612 0.163775 
98200 0.0122896 0.144708 0.0188783 0 0 0.175887 0.16359 
98400 0.0122433 0.144653 0.018757 0 0 0.175664 0.163413 
98600 0.0121977 0.144598 0.0186382 0 0 0.175444 0.16324 
98800 0.0121521 0.144543 0.0185193 0 0 0.175225 0.163066 
99000 0.0121064 0.144488 0.0184005 0 0 0.175005 0.162893 
99200 0.0120608 0.144433 0.0182816 0 0 0.174785 0.16272 
99400 0.0120152 0.144378 0.0181628 0 0 0.174566 0.162546 
99600 0.0119696 0.144323 0.0180439 0 0 0.174346 0.162373 
99800 0.0119239 0.144269 0.0179251 0 0 0.174126 0.1622 
100000 0.0118783 0.144214 0.0178062 0 0 0.173906 0.162026 
100200 0.0118402 0.144169 0.0177143 0 0 0.173711 0.161876 
100400 0.0117957 0.144112 0.0176016 0 0 0.173498 0.161707 
100600 0.0117512 0.144055 0.017489 0 0 0.173284 0.161538 
100800 0.0117068 0.143998 0.0173763 0 0 0.173071 0.161369 
101000 0.0116623 0.143941 0.0172636 0 0 0.172857 0.161199 
101200 0.0116178 0.143884 0.0171509 0 0 0.172644 0.16103 
101400 0.0115733 0.143827 0.0170383 0 0 0.172431 0.160861 
101600 0.0115289 0.14377 0.0169256 0 0 0.172217 0.160692 
101800 0.0114844 0.143713 0.0168129 0 0 0.172004 0.160523 
102000 0.0114399 0.143656 0.0167002 0 0 0.17179 0.160354 
102200 0.0113972 0.1436 0.0165934 0 0 0.171585 0.160191 
102400 0.0113564 0.143544 0.0164925 0 0 0.171388 0.160035 
102600 0.0113155 0.143489 0.0163916 0 0 0.171192 0.159879 
102800 0.0112746 0.143433 0.0162906 0 0 0.170995 0.159722 
103000 0.0112337 0.143378 0.0161897 0 0 0.170798 0.159566 
103200 0.0111928 0.143322 0.0160888 0 0 0.170601 0.15941 
103400 0.011152 0.143267 0.0159879 0 0 0.170405 0.159254 
103600 0.0111111 0.143211 0.0158869 0 0 0.170208 0.159098 
103800 0.0110702 0.143155 0.015786 0 0 0.170011 0.158941 
104000 0.0110293 0.1431 0.0156851 0 0 0.169814 0.158785 
104200 0.0109901 0.143046 0.0155896 0 0 0.169626 0.158636 
104400 0.0109526 0.142993 0.0154996 0 0 0.169446 0.158492 
104600 0.0109151 0.14294 0.0154096 0 0 0.169265 0.158349 
104800 0.0108775 0.142887 0.0153197 0 0 0.169085 0.158206 
105000 0.01084 0.142834 0.0152297 0 0 0.168905 0.158063 
105200 0.0108025 0.142781 0.0151397 0 0 0.168725 0.15792 
105400 0.010765 0.142728 0.0150497 0 0 0.168545 0.157777 
105600 0.0107275 0.142675 0.0149597 0 0 0.168364 0.157634 
105800 0.01069 0.142622 0.0148697 0 0 0.168184 0.157491 
106000 0.0106524 0.142569 0.0147797 0 0 0.168004 0.157348 
106200 0.0106149 0.142516 0.0146898 0 0 0.167824 0.157205 
106400 0.0105769 0.142459 0.0146011 0 0 0.16764 0.157059 
106600 0.0105388 0.142402 0.0145124 0 0 0.167457 0.156914 
106800 0.0105007 0.142345 0.0144237 0 0 0.167274 0.156768 
107000 0.0104627 0.142288 0.014335 0 0 0.167091 0.156622 
107200 0.0104246 0.142231 0.0142463 0 0 0.166907 0.156477 
107400 0.0103866 0.142174 0.0141576 0 0 0.166724 0.156331 
107600 0.0103485 0.142117 0.0140689 0 0 0.166541 0.156185 
107800 0.0103104 0.14206 0.0139802 0 0 0.166358 0.15604 
108000 0.0102724 0.142003 0.0138916 0 0 0.166175 0.155894 
108200 0.0102343 0.141946 0.0138029 0 0 0.165991 0.155748 
108400 0.0102009 0.141895 0.0137271 0 0 0.16583 0.155623 
108600 0.0101676 0.141845 0.0136513 0 0 0.165669 0.155497 
108800 0.0101342 0.141794 0.0135756 0 0 0.165508 0.155371 
109000 0.0101008 0.141744 0.0134998 0 0 0.165347 0.155246 
109200 0.0100674 0.141693 0.013424 0 0 0.165186 0.15512 
109400 0.010034 0.141643 0.0133483 0 0 0.165025 0.154995 
109600 0.0100006 0.141592 0.0132725 0 0 0.164864 0.154869 
109800 0.00996726 0.141542 0.0131968 0 0 0.164702 0.154743 
110000 0.00993388 0.141491 0.013121 0 0 0.164541 0.154618 
110200 0.0099005 0.141441 0.0130452 0 0 0.16438 0.154492 
110400 0.00986711 0.14139 0.0129695 0 0 0.164219 0.154367 
110600 0.00983341 0.141334 0.0128949 0 0 0.164056 0.154236 
110800 0.00979971 0.141278 0.0128204 0 0 0.163893 0.154106 
111000 0.00976601 0.141223 0.0127458 0 0 0.16373 0.153976 
111200 0.00973231 0.141167 0.0126712 0 0 0.163567 0.153846 
111400 0.00969861 0.141111 0.0125967 0 0 0.163404 0.153716 
111600 0.00966491 0.141055 0.0125221 0 0 0.163241 0.153586 
111800 0.00963121 0.140999 0.0124476 0 0 0.163078 0.153455 
112000 0.00959751 0.140944 0.012373 0 0 0.162915 0.153325 
112200 0.00956381 0.140888 0.0122985 0 0 0.162751 0.153195 
112400 0.00953011 0.140832 0.0122239 0 0 0.162588 0.153065 
112600 0.0094977 0.140778 0.0121532 0 0 0.162431 0.152939 
112800 0.00946659 0.140724 0.0120864 0 0 0.16228 0.152818 
113000 0.00943547 0.140671 0.0120195 0 0 0.162128 0.152696 
113200 0.00940435 0.140618 0.0119527 0 0 0.161976 0.152574 
113400 0.00937323 0.140565 0.0118858 0 0 0.161825 0.152453 
113600 0.00934212 0.140511 0.011819 0 0 0.161673 0.152331 
113800 0.009311 0.140458 0.0117521 0 0 0.161522 0.15221 
114000 0.00927988 0.140405 0.0116853 0 0 0.16137 0.152088 
114200 0.00924877 0.140352 0.0116185 0 0 0.161219 0.151967 
114400 0.00921765 0.140298 0.0115516 0 0 0.161067 0.151845 
114600 0.00918653 0.140245 0.0114848 0 0 0.160916 0.151724 
114800 0.00915661 0.140192 0.0114213 0 0 0.160769 0.151608 
115000 0.00912788 0.14014 0.0113612 0 0 0.160628 0.151497 
115200 0.00909914 0.140088 0.0113011 0 0 0.160487 0.151386 
115400 0.00907041 0.140036 0.011241 0 0 0.160346 0.151275 
115600 0.00904168 0.139983 0.0111809 0 0 0.160205 0.151164 
115800 0.00901295 0.139931 0.0111208 0 0 0.160064 0.151053 
116000 0.00898422 0.139879 0.0110607 0 0 0.159923 0.150942 
116200 0.00895548 0.139827 0.0110007 0 0 0.159782 0.15083 
116400 0.00892675 0.139774 0.0109406 0 0 0.159641 0.150719 
116600 0.00889802 0.139722 0.0108805 0 0 0.1595 0.150608 
116800 0.00886929 0.13967 0.0108204 0 0 0.159359 0.150497 
117000 0.00884055 0.139618 0.0107603 0 0 0.159218 0.150386 
117200 0.00881157 0.139563 0.0107012 0 0 0.159076 0.150273 
117400 0.00878258 0.139509 0.0106422 0 0 0.158934 0.15016 
117600 0.00875359 0.139454 0.0105831 0 0 0.158792 0.150046 
117800 0.00872461 0.139399 0.010524 0 0 0.15865 0.149933 
118000 0.00869562 0.139345 0.010465 0 0 0.158508 0.14982 
118200 0.00866663 0.13929 0.0104059 0 0 0.158366 0.149706 
118400 0.00863765 0.139235 0.0103468 0 0 0.158224 0.149593 
118600 0.00860866 0.139181 0.0102878 0 0 0.158082 0.14948 
118800 0.00857967 0.139126 0.0102287 0 0 0.15794 0.149367 
119000 0.00855069 0.139072 0.0101696 0 0 0.157798 0.149253 
119200 0.0085217 0.139017 0.0101106 0 0 0.157656 0.14914 
119400 0.0084961 0.138967 0.0100599 0 0 0.157528 0.149038 
119600 0.00847051 0.138917 0.0100092 0 0 0.1574 0.148937 
119800 0.00844491 0.138867 0.00995847 0 0 0.157273 0.148836 
120000 0.00841932 0.138817 0.00990776 0 0 0.157145 0.148734 
120200 0.00839372 0.138767 0.00985706 0 0 0.157017 0.148633 
120400 0.00836813 0.138717 0.00980636 0 0 0.15689 0.148532 
120600 0.00834253 0.138667 0.00975566 0 0 0.156762 0.14843 
120800 0.00831694 0.138616 0.00970495 0 0 0.156634 0.148329 
121000 0.00829134 0.138566 0.00965425 0 0 0.156507 0.148227 
121200 0.00826575 0.138516 0.00960355 0 0 0.156379 0.148126 
121400 0.00824015 0.138466 0.00955285 0 0 0.156251 0.148025 
121600 0.00821456 0.138416 0.00950215 0 0 0.156124 0.147923 
121800 0.00818979 0.138366 0.00945437 0 0 0.156001 0.147824 
122000 0.00816502 0.138316 0.0094066 0 0 0.155878 0.147726 
122200 0.00814025 0.138266 0.00935883 0 0 0.155756 0.147627 
122400 0.00811548 0.138216 0.00931105 0 0 0.155633 0.147528 
122600 0.00809071 0.138166 0.00926328 0 0 0.15551 0.147429 
122800 0.00806594 0.138116 0.00921551 0 0 0.155388 0.14733 
123000 0.00804118 0.138066 0.00916774 0 0 0.155265 0.147231 
123200 0.00801641 0.138016 0.00911996 0 0 0.155143 0.147132 
123400 0.00799164 0.137966 0.00907219 0 0 0.15502 0.147033 
123600 0.00796687 0.137916 0.00902441 0 0 0.154897 0.146935 
123800 0.0079421 0.137865 0.00897664 0 0 0.154775 0.146836 
124000 0.00791733 0.137815 0.00892887 0 0 0.154652 0.146737 
124200 0.00789341 0.137763 0.00888403 0 0 0.154532 0.14664 
124400 0.00786949 0.13771 0.0088392 0 0 0.154412 0.146544 
124600 0.00784557 0.137658 0.00879436 0 0 0.154291 0.146448 
124800 0.00782166 0.137605 0.00874952 0 0 0.154171 0.146351 
125000 0.00779774 0.137553 0.00870469 0 0 0.154051 0.146255 
125200 0.00777382 0.1375 0.00865985 0 0 0.153931 0.146159 
125400 0.0077499 0.137447 0.00861502 0 0 0.153811 0.146062 
125600 0.00772599 0.137395 0.00857018 0 0 0.153691 0.145966 
125800 0.00770207 0.137342 0.00852534 0 0 0.153571 0.145869 
126000 0.00767815 0.13729 0.00848051 0 0 0.15345 0.145773 
126200 0.00765423 0.137237 0.00843567 0 0 0.15333 0.145677 
126400 0.00763031 0.137185 0.00839084 0 0 0.15321 0.14558 
126600 0.00760722 0.137133 0.0083488 0 0 0.153092 0.145486 
126800 0.00758413 0.137082 0.00830677 0 0 0.152975 0.145393 
127000 0.00756104 0.137031 0.00826473 0 0 0.152857 0.145299 
127200 0.00753795 0.136979 0.0082227 0 0 0.152739 0.145205 
127400 0.00751485 0.136928 0.00818066 0 0 0.152622 0.145111 
127600 0.00749176 0.136877 0.00813863 0 0 0.152504 0.145017 
127800 0.00746867 0.136825 0.00809659 0 0 0.152387 0.144923 
128000 0.00744558 0.136774 0.00805456 0 0 0.152269 0.144829 
128200 0.00742249 0.136723 0.00801252 0 0 0.152151 0.144736 
128400 0.00739939 0.136671 0.00797049 0 0 0.152034 0.144642 
128600 0.0073763 0.13662 0.00792845 0 0 0.151916 0.144548 
128800 0.00735321 0.136569 0.00788642 0 0 0.151798 0.144454 
129000 0.00733277 0.136519 0.00784985 0 0 0.151692 0.144368 
129200 0.00731234 0.136469 0.00781329 0 0 0.151586 0.144283 
129400 0.0072919 0.13642 0.00777672 0 0 0.151479 0.144197 
129600 0.00727146 0.13637 0.00774016 0 0 0.151373 0.144112 
129800 0.00725102 0.13632 0.00770359 0 0 0.151267 0.144026 
130000 0.00723059 0.136271 0.00766702 0 0 0.151161 0.143941 
130200 0.00721015 0.136221 0.00763046 0 0 0.151054 0.143855 
130400 0.00718971 0.136171 0.00759389 0 0 0.150948 0.14377 
130600 0.00716927 0.136122 0.00755733 0 0 0.150842 0.143684 
130800 0.00714884 0.136072 0.00752076 0 0 0.150735 0.143599 
131000 0.0071284 0.136022 0.0074842 0 0 0.150629 0.143513 
131200 0.00710796 0.135973 0.00744763 0 0 0.150523 0.143428 
131400 0.00708752 0.135923 0.00741106 0 0 0.150416 0.143342 
131600 0.00706683 0.135873 0.00737536 0 0 0.15031 0.143255 
131800 0.00704614 0.135822 0.00733966 0 0 0.150203 0.143167 
132000 0.00702545 0.135772 0.00730395 0 0 0.150096 0.143079 
132200 0.00700476 0.135721 0.00726825 0 0 0.149989 0.142992 
132400 0.00698407 0.135671 0.00723255 0 0 0.149882 0.142904 
132600 0.00696338 0.13562 0.00719684 0 0 0.149775 0.142816 
132800 0.00694269 0.13557 0.00716114 0 0 0.149668 0.142728 
133000 0.006922 0.135519 0.00712544 0 0 0.149561 0.142641 
133200 0.00690131 0.135469 0.00708973 0 0 0.149454 0.142553 
133400 0.00688062 0.135418 0.00705403 0 0 0.149347 0.142465 
133600 0.00685993 0.135368 0.00701833 0 0 0.14924 0.142378 
133800 0.00683924 0.135317 0.00698262 0 0 0.149133 0.14229 
134000 0.00681973 0.135268 0.00694926 0 0 0.149031 0.142207 
134200 0.00680141 0.13522 0.00691824 0 0 0.148935 0.142129 
134400 0.00678309 0.135173 0.00688722 0 0 0.148838 0.142051 
134600 0.00676476 0.135125 0.0068562 0 0 0.148741 0.141974 
134800 0.00674644 0.135077 0.00682518 0 0 0.148644 0.141896 
135000 0.00672812 0.135029 0.00679416 0 0 0.148547 0.141818 
135200 0.00670979 0.134981 0.00676314 0 0 0.148451 0.14174 
135400 0.00669147 0.134933 0.00673213 0 0 0.148354 0.141662 
135600 0.00667315 0.134886 0.00670111 0 0 0.148257 0.141584 
135800 0.00665482 0.134838 0.00667009 0 0 0.14816 0.141506 
136000 0.0066365 0.13479 0.00663907 0 0 0.148063 0.141428 
136200 0.00661818 0.134742 0.00660805 0 0 0.147967 0.141351 
136400 0.00659985 0.134694 0.00657703 0 0 0.14787 0.141273 
136600 0.00658153 0.134646 0.00654601 0 0 0.147773 0.141195 
136800 0.00656304 0.134597 0.00651579 0 0 0.147675 0.141114 
137000 0.00654456 0.134547 0.00648558 0 0 0.147577 0.141033 
137200 0.00652607 0.134497 0.00645536 0 0 0.147479 0.140952 
137400 0.00650759 0.134448 0.00642515 0 0 0.14738 0.140871 
137600 0.0064891 0.134398 0.00639493 0 0 0.147282 0.14079 
137800 0.00647062 0.134348 0.00636472 0 0 0.147184 0.14071 
138000 0.00645213 0.134299 0.0063345 0 0 0.147086 0.140629 
138200 0.00643365 0.134249 0.00630429 0 0 0.146987 0.140548 
138400 0.00641516 0.134199 0.00627407 0 0 0.146889 0.140467 
138600 0.00639668 0.13415 0.00624386 0 0 0.146791 0.140386 
138800 0.00637819 0.1341 0.00621364 0 0 0.146693 0.140305 
139000 0.00635971 0.13405 0.00618343 0 0 0.146595 0.140224 
139200 0.00634122 0.134001 0.00615321 0 0 0.146496 0.140143 
139400 0.00632413 0.133952 0.00612582 0 0 0.146403 0.140069 
139600 0.00630705 0.133903 0.00609842 0 0 0.14631 0.139994 
139800 0.00628996 0.133854 0.00607103 0 0 0.146216 0.13992 
140000 0.00627287 0.133805 0.00604363 0 0 0.146123 0.139845 
140200 0.00625578 0.133756 0.00601623 0 0 0.146029 0.139771 
140400 0.00623869 0.133707 0.00598884 0 0 0.145936 0.139696 
140600 0.0062216 0.133658 0.00596144 0 0 0.145842 0.139622 
140800 0.00620452 0.133609 0.00593405 0 0 0.145749 0.139547 
141000 0.00618743 0.13356 0.00590665 0 0 0.145655 0.139473 
141200 0.00617034 0.133511 0.00587925 0 0 0.145562 0.139398 
141400 0.00615325 0.133462 0.00585186 0 0 0.145469 0.139323 
141600 0.00613616 0.133413 0.00582446 0 0 0.145375 0.139249 
141800 0.00611907 0.133364 0.00579707 0 0 0.145282 0.139174 
142000 0.00610254 0.133316 0.00577098 0 0 0.145191 0.139101 
142200 0.00608657 0.133269 0.0057462 0 0 0.145103 0.139028 
142400 0.00607059 0.133222 0.00572142 0 0 0.145015 0.138955 
142600 0.00605462 0.133175 0.00569664 0 0 0.144927 0.138882 
142800 0.00603865 0.133127 0.00567186 0 0 0.144839 0.138809 
143000 0.00602267 0.13308 0.00564708 0 0 0.144751 0.138736 
143200 0.0060067 0.133033 0.0056223 0 0 0.144663 0.138663 
143400 0.00599072 0.132986 0.00559752 0 0 0.144575 0.13859 
143600 0.00597475 0.132939 0.00557274 0 0 0.144487 0.138517 
143800 0.00595878 0.132891 0.00554796 0 0 0.144399 0.138444 
144000 0.0059428 0.132844 0.00552318 0 0 0.144311 0.138371 
144200 0.00592683 0.132797 0.0054984 0 0 0.144223 0.138298 
144400 0.00591085 0.13275 0.00547362 0 0 0.144135 0.138225 
144600 0.00589488 0.132702 0.00544885 0 0 0.144047 0.138152 
144800 0.00587925 0.132655 0.00542478 0 0 0.14396 0.13808 
145000 0.00586396 0.132608 0.00540142 0 0 0.143873 0.13801 
145200 0.00584868 0.132561 0.00537806 0 0 0.143786 0.137939 
145400 0.00583339 0.132514 0.0053547 0 0 0.143699 0.137868 
145600 0.0058181 0.132466 0.00533134 0 0 0.143612 0.137797 
145800 0.00580281 0.132419 0.00530799 0 0 0.143525 0.137726 
146000 0.00578753 0.132372 0.00528463 0 0 0.143439 0.137656 
146200 0.00577224 0.132325 0.00526127 0 0 0.143352 0.137585 
146400 0.00575695 0.132278 0.00523791 0 0 0.143265 0.137514 
146600 0.00574166 0.13223 0.00521456 0 0 0.143178 0.137443 
146800 0.00572638 0.132183 0.0051912 0 0 0.143091 0.137372 
147000 0.00571109 0.132136 0.00516784 0 0 0.143004 0.137302 
147200 0.0056958 0.132089 0.00514448 0 0 0.142917 0.137231 
147400 0.00568052 0.132042 0.00512112 0 0 0.14283 0.13716 
147600 0.00566578 0.131995 0.00509899 0 0 0.142747 0.137091 
147800 0.00565159 0.13195 0.00507809 0 0 0.142668 0.137024 
148000 0.0056374 0.131904 0.00505718 0 0 0.142589 0.136956 
148200 0.00562321 0.131858 0.00503628 0 0 0.142509 0.136889 
148400 0.00560902 0.131813 0.00501537 0 0 0.14243 0.136822 
148600 0.00559483 0.131767 0.00499446 0 0 0.142351 0.136754 
148800 0.00558064 0.131721 0.00497356 0 0 0.142271 0.136687 
149000 0.00556645 0.131676 0.00495265 0 0 0.142192 0.13662 
149200 0.00555226 0.13163 0.00493175 0 0 0.142113 0.136553 
149400 0.00553807 0.131584 0.00491084 0 0 0.142033 0.136485 
149600 0.00552388 0.131539 0.00488994 0 0 0.141954 0.136418 
149800 0.00550969 0.131493 0.00486903 0 0 0.141875 0.136351 
150000 0.0054955 0.131447 0.00484813 0 0 0.141796 0.136283 
150200 0.00548055 0.131395 0.00482597 0 0 0.141705 0.136216 
150400 0.00546561 0.131342 0.00480381 0 0 0.141615 0.136148 
150600 0.00545224 0.131298 0.00478465 0 0 0.141538 0.136084 
150800 0.00543887 0.131254 0.0047655 0 0 0.141461 0.13602 
151000 0.00542551 0.13121 0.00474635 0 0 0.141384 0.135956 
151200 0.00541214 0.131166 0.0047272 0 0 0.141307 0.135892 
151400 0.00539877 0.131122 0.00470804 0 0 0.14123 0.135828 
151600 0.00538541 0.131078 0.00468889 0 0 0.141153 0.135764 
151800 0.00537204 0.131034 0.00466974 0 0 0.141076 0.1357 
152000 0.00535867 0.13099 0.00465059 0 0 0.140998 0.135636 
152200 0.0053453 0.130946 0.00463143 0 0 0.140921 0.135572 
152400 0.00533194 0.130902 0.00461228 0 0 0.140844 0.135508 
152600 0.00531857 0.130858 0.00459313 0 0 0.140767 0.135443 
152800 0.0053052 0.130814 0.00457398 0 0 0.14069 0.135379 
153000 0.00529184 0.130769 0.00455482 0 0 0.140613 0.135315 
153200 0.00527847 0.130725 0.00453567 0 0 0.140536 0.135251 
153400 0.0052651 0.130681 0.00451652 0 0 0.140459 0.135187 
153600 0.00525229 0.130635 0.00449849 0 0 0.140383 0.135124 
153800 0.00523947 0.130589 0.00448046 0 0 0.140307 0.135061 
154000 0.00522665 0.130543 0.00446243 0 0 0.140231 0.134998 
154200 0.00521384 0.130497 0.0044444 0 0 0.140154 0.134935 
154400 0.00520102 0.130451 0.00442636 0 0 0.140078 0.134872 
154600 0.0051882 0.130405 0.00440833 0 0 0.140002 0.134809 
154800 0.00517539 0.130359 0.0043903 0 0 0.139926 0.134746 
155000 0.00516257 0.130313 0.00437227 0 0 0.13985 0.134682 
155200 0.00514976 0.130267 0.00435424 0 0 0.139774 0.134619 
155400 0.00513694 0.130221 0.00433621 0 0 0.139698 0.134556 
155600 0.00512412 0.130175 0.00431818 0 0 0.139622 0.134493 
155800 0.00511131 0.130129 0.00430015 0 0 0.139546 0.13443 
156000 0.00509849 0.130083 0.00428212 0 0 0.13947 0.134367 
156200 0.00508567 0.130037 0.00426409 0 0 0.139393 0.134304 
156400 0.00507286 0.12999 0.00424606 0 0 0.139317 0.134241 
156600 0.00506038 0.129945 0.00422905 0 0 0.139242 0.134179 
156800 0.00504791 0.1299 0.00421204 0 0 0.139167 0.134117 
157000 0.00503543 0.129855 0.00419503 0 0 0.139092 0.134055 
157200 0.00502295 0.12981 0.00417802 0 0 0.139017 0.133993 
157400 0.00501048 0.129765 0.00416101 0 0 0.138942 0.133931 
157600 0.004998 0.12972 0.004144 0 0 0.138867 0.133868 
157800 0.00498553 0.129675 0.00412699 0 0 0.138792 0.133806 
158000 0.00497305 0.12963 0.00410998 0 0 0.138717 0.133744 
158200 0.00496058 0.129585 0.00409297 0 0 0.138641 0.133682 
158400 0.0049481 0.12954 0.00407596 0 0 0.138566 0.13362 
158600 0.00493562 0.129495 0.00405895 0 0 0.138491 0.133558 
158800 0.00492315 0.12945 0.00404194 0 0 0.138416 0.133496 
159000 0.00491067 0.129405 0.00402493 0 0 0.138341 0.133434 
159200 0.0048982 0.12936 0.00400792 0 0 0.138266 0.133372 
159400 0.00488572 0.129315 0.00399091 0 0 0.138191 0.13331 
159600 0.00487417 0.12927 0.00397553 0 0 0.13812 0.13325 
159800 0.00486262 0.129225 0.00396015 0 0 0.138049 0.13319 
160000 0.00485107 0.129181 0.00394477 0 0 0.137979 0.133129 
160200 0.00483952 0.129136 0.0039294 0 0 0.137908 0.133069 
160400 0.00482797 0.129092 0.00391402 0 0 0.137837 0.133009 
160600 0.00481642 0.129047 0.00389864 0 0 0.137767 0.132949 
160800 0.00480487 0.129003 0.00388326 0 0 0.137696 0.132889 
161000 0.00479332 0.128958 0.00386788 0 0 0.137625 0.132829 
161200 0.00478177 0.128913 0.0038525 0 0 0.137554 0.132769 
161400 0.00477022 0.128869 0.00383712 0 0 0.137484 0.132709 
161600 0.00475867 0.128824 0.00382175 0 0 0.137413 0.132649 
161800 0.00474712 0.12878 0.00380637 0 0 0.137342 0.132589 
162000 0.00473557 0.128735 0.00379099 0 0 0.137271 0.132529 
162200 0.00472402 0.128691 0.00377561 0 0 0.137201 0.132469 
162400 0.00471247 0.128646 0.00376023 0 0 0.13713 0.132409 
162600 0.0047013 0.128602 0.00374557 0 0 0.13706 0.13235 
162800 0.00469053 0.128559 0.00373163 0 0 0.136992 0.132293 
163000 0.00467975 0.128516 0.00371768 0 0 0.136923 0.132235 
163200 0.00466897 0.128473 0.00370374 0 0 0.136855 0.132178 
163400 0.0046582 0.128429 0.0036898 0 0 0.136786 0.132121 
163600 0.00464742 0.128386 0.00367585 0 0 0.136718 0.132064 
163800 0.00463665 0.128343 0.00366191 0 0 0.136649 0.132006 
164000 0.00462587 0.1283 0.00364797 0 0 0.136581 0.131949 
164200 0.00461509 0.128257 0.00363402 0 0 0.136512 0.131892 
164400 0.00460432 0.128214 0.00362008 0 0 0.136444 0.131835 
164600 0.00459354 0.12817 0.00360614 0 0 0.136375 0.131777 
164800 0.00458277 0.128127 0.00359219 0 0 0.136306 0.13172 
165000 0.00457199 0.128084 0.00357825 0 0 0.136238 0.131663 
165200 0.00456121 0.128041 0.00356431 0 0 0.136169 0.131606 
165400 0.00455044 0.127998 0.00355036 0 0 0.136101 0.131548 
165600 0.00453966 0.127954 0.00353642 0 0 0.136032 0.131491 
165800 0.00452921 0.127912 0.00352306 0 0 0.135966 0.131435 
166000 0.00451908 0.12787 0.00351028 0 0 0.135901 0.13138 
166200 0.00450894 0.127828 0.0034975 0 0 0.135837 0.131326 
166400 0.00449881 0.127786 0.00348473 0 0 0.135772 0.131271 
166600 0.00448868 0.127744 0.00347195 0 0 0.135707 0.131217 
166800 0.00447855 0.127703 0.00345917 0 0 0.135643 0.131162 
167000 0.00446842 0.127661 0.00344639 0 0 0.135578 0.131107 
167200 0.00445829 0.127619 0.00343361 0 0 0.135513 0.131053 
167400 0.00444816 0.127577 0.00342083 0 0 0.135449 0.130998 
167600 0.00443803 0.127535 0.00340806 0 0 0.135384 0.130944 
167800 0.0044279 0.127493 0.00339528 0 0 0.13532 0.130889 
168000 0.00441776 0.127451 0.0033825 0 0 0.135255 0.130834 
168200 0.00440763 0.127409 0.00336972 0 0 0.13519 0.13078 
168400 0.0043975 0.127368 0.00335694 0 0 0.135126 0.130725 
168600 0.00438737 0.127326 0.00334417 0 0 0.135061 0.13067 
168800 0.00437724 0.127284 0.00333139 0 0 0.134996 0.130616 
169000 0.00436711 0.127242 0.00331861 0 0 0.134932 0.130561 
169200 0.00435737 0.127199 0.00330657 0 0 0.134867 0.130507 
169400 0.00434763 0.127156 0.00329454 0 0 0.134803 0.130454 
169600 0.00433789 0.127114 0.0032825 0 0 0.134738 0.1304 
169800 0.00432815 0.127071 0.00327046 0 0 0.134673 0.130346 
170000 0.00431841 0.127028 0.00325843 0 0 0.134609 0.130293 
170200 0.00430867 0.126985 0.00324639 0 0 0.134544 0.130239 
170400 0.00429893 0.126943 0.00323436 0 0 0.134479 0.130185 
170600 0.00428919 0.1269 0.00322232 0 0 0.134415 0.130132 
170800 0.00427945 0.126857 0.00321028 0 0 0.13435 0.130078 
171000 0.00426971 0.126814 0.00319825 0 0 0.134285 0.130024 
171200 0.00425997 0.126771 0.00318621 0 0 0.134221 0.12997 
171400 0.00425023 0.126729 0.00317417 0 0 0.134156 0.129917 
171600 0.00424049 0.126686 0.00316214 0 0 0.134092 0.129863 
171800 0.00423075 0.126643 0.0031501 0 0 0.134027 0.129809 
172000 0.00422101 0.1266 0.00313807 0 0 0.133962 0.129756 
172200 0.00421127 0.126557 0.00312603 0 0 0.133898 0.129702 
172400 0.00420169 0.126515 0.00311441 0 0 0.133834 0.129648 
172600 0.00419226 0.126473 0.0031032 0 0 0.133771 0.129593 
172800 0.00418283 0.126431 0.003092 0 0 0.133708 0.129539 
173000 0.0041734 0.12639 0.00308079 0 0 0.133646 0.129484 
173200 0.00416397 0.126348 0.00306959 0 0 0.133583 0.129429 
173400 0.00415454 0.126306 0.00305838 0 0 0.13352 0.129375 
173600 0.00414511 0.126264 0.00304718 0 0 0.133457 0.12932 
173800 0.00413568 0.126222 0.00303597 0 0 0.133394 0.129265 
174000 0.00412625 0.12618 0.00302477 0 0 0.133332 0.129211 
174200 0.00411682 0.126138 0.00301356 0 0 0.133269 0.129156 
174400 0.00410739 0.126096 0.00300236 0 0 0.133206 0.129102 
174600 0.00409796 0.126055 0.00299115 0 0 0.133143 0.129047 
174800 0.00408853 0.126013 0.00297995 0 0 0.13308 0.128992 
175000 0.0040791 0.125971 0.00296874 0 0 0.133018 0.128938 
175200 0.00406967 0.125929 0.00295754 0 0 0.132955 0.128883 
175400 0.00406024 0.125887 0.00294633 0 0 0.132892 0.128829 
175600 0.00405081 0.125845 0.00293513 0 0 0.132829 0.128774 
175800 0.00404229 0.125805 0.00292509 0 0 0.132771 0.128724 
176000 0.00403378 0.125765 0.00291505 0 0 0.132712 0.128674 
176200 0.00402527 0.125724 0.00290501 0 0 0.132654 0.128625 
176400 0.00401675 0.125684 0.00289497 0 0 0.132596 0.128575 
176600 0.00400824 0.125644 0.00288494 0 0 0.132537 0.128525 
176800 0.00399972 0.125603 0.0028749 0 0 0.132479 0.128475 
177000 0.00399121 0.125563 0.00286486 0 0 0.132421 0.128425 
177200 0.0039827 0.125523 0.00285482 0 0 0.132362 0.128376 
177400 0.00397418 0.125482 0.00284479 0 0 0.132304 0.128326 
177600 0.00396567 0.125442 0.00283475 0 0 0.132245 0.128276 
177800 0.00395716 0.125401 0.00282471 0 0 0.132187 0.128226 
178000 0.00394864 0.125361 0.00281467 0 0 0.132129 0.128177 
178200 0.00394013 0.125321 0.00280463 0 0 0.13207 0.128127 
178400 0.00393162 0.12528 0.0027946 0 0 0.132012 0.128077 
178600 0.0039231 0.12524 0.00278456 0 0 0.131954 0.128027 
178800 0.00391459 0.1252 0.00277452 0 0 0.131895 0.127977 
179000 0.00390607 0.125159 0.00276448 0 0 0.131837 0.127928 
179200 0.0038977 0.125119 0.00275479 0 0 0.131779 0.127878 
179400 0.00388947 0.125078 0.00274545 0 0 0.13172 0.127827 
179600 0.00388124 0.125036 0.00273611 0 0 0.131662 0.127776 
179800 0.00387301 0.124995 0.00272677 0 0 0.131604 0.127726 
180000 0.00386478 0.124954 0.00271743 0 0 0.131545 0.127675 
180200 0.00385655 0.124913 0.00270809 0 0 0.131487 0.127624 
180400 0.00384832 0.124872 0.00269875 0 0 0.131428 0.127574 
180600 0.00384009 0.12483 0.00268941 0 0 0.13137 0.127523 
180800 0.00383186 0.124789 0.00268006 0 0 0.131312 0.127472 
181000 0.00382363 0.124748 0.00267072 0 0 0.131253 0.127422 
181200 0.0038154 0.124707 0.00266138 0 0 0.131195 0.127371 
181400 0.00380717 0.124666 0.00265204 0 0 0.131137 0.127321 
181600 0.00379894 0.124624 0.0026427 0 0 0.131078 0.12727 
181800 0.00379071 0.124583 0.00263336 0 0 0.13102 0.127219 
182000 0.00378248 0.124542 0.00262402 0 0 0.130962 0.127169 
182200 0.00377424 0.124501 0.00261468 0 0 0.130903 0.127118 
182400 0.00376601 0.12446 0.00260534 0 0 0.130845 0.127067 
182600 0.00375778 0.124418 0.00259599 0 0 0.130786 0.127017 
182800 0.00374984 0.124379 0.00258718 0 0 0.130729 0.126968 
183000 0.00374189 0.124339 0.00257836 0 0 0.130671 0.126919 
183200 0.00373394 0.1243 0.00256954 0 0 0.130614 0.12687 
183400 0.00372599 0.12426 0.00256073 0 0 0.130556 0.126821 
183600 0.00371805 0.124221 0.00255191 0 0 0.130499 0.126772 
183800 0.0037101 0.124182 0.00254309 0 0 0.130441 0.126723 
184000 0.00370215 0.124142 0.00253428 0 0 0.130384 0.126674 
184200 0.00369421 0.124103 0.00252546 0 0 0.130326 0.126625 
184400 0.00368626 0.124063 0.00251664 0 0 0.130269 0.126576 
184600 0.00367831 0.124024 0.00250783 0 0 0.130211 0.126528 
184800 0.00367036 0.123984 0.00249901 0 0 0.130154 0.126479 
185000 0.00366242 0.123945 0.00249019 0 0 0.130096 0.12643 
185200 0.00365447 0.123905 0.00248138 0 0 0.130039 0.126381 
185400 0.00364652 0.123866 0.00247256 0 0 0.129981 0.126332 
185600 0.00363857 0.123826 0.00246374 0 0 0.129924 0.126283 
185800 0.00363063 0.123787 0.00245493 0 0 0.129866 0.126234 
186000 0.00362268 0.123747 0.00244611 0 0 0.129809 0.126185 
186200 0.00361512 0.123708 0.00243782 0 0 0.129754 0.126138 
186400 0.00360795 0.123669 0.00243006 0 0 0.129701 0.126092 
186600 0.00360079 0.12363 0.0024223 0 0 0.129648 0.126047 
186800 0.00359362 0.123591 0.00241453 0 0 0.129596 0.126001 
187000 0.00358645 0.123552 0.00240677 0 0 0.129543 0.125956 
187200 0.00357928 0.123513 0.00239901 0 0 0.12949 0.125911 
187400 0.00357211 0.123474 0.00239124 0 0 0.129437 0.125865 
187600 0.00356494 0.123435 0.00238348 0 0 0.129384 0.12582 
187800 0.00355777 0.123396 0.00237572 0 0 0.129332 0.125774 
188000 0.00355061 0.123357 0.00236796 0 0 0.129279 0.125729 
188200 0.00354344 0.123318 0.00236019 0 0 0.129226 0.125683 
188400 0.00353627 0.123279 0.00235243 0 0 0.129173 0.125638 
188600 0.0035291 0.12324 0.00234467 0 0 0.129121 0.125592 
188800 0.00352193 0.123201 0.0023369 0 0 0.129068 0.125547 
189000 0.00351476 0.123162 0.00232914 0 0 0.129015 0.125501 
189200 0.00350759 0.123123 0.00232138 0 0 0.128962 0.125456 
189400 0.00350043 0.123085 0.00231362 0 0 0.12891 0.12541 
189600 0.00349326 0.123046 0.00230585 0 0 0.128857 0.125365 
189800 0.00348609 0.123007 0.00229809 0 0 0.128804 0.12532 
190000 0.00347911 0.122968 0.00229074 0 0 0.12875 0.125273 
190200 0.00347214 0.122929 0.00228339 0 0 0.128697 0.125227 
190400 0.00346517 0.12289 0.00227604 0 0 0.128643 0.125181 
190600 0.00345819 0.122851 0.0022687 0 0 0.12859 0.125134 
190800 0.00345122 0.122812 0.00226135 0 0 0.128536 0.125088 
191000 0.00344425 0.122773 0.002254 0 0 0.128482 0.125042 
191200 0.00343727 0.122734 0.00224665 0 0 0.128429 0.124996 
191400 0.0034303 0.122695 0.0022393 0 0 0.128375 0.124949 
191600 0.00342332 0.122656 0.00223195 0 0 0.128322 0.124903 
191800 0.00341635 0.122617 0.0022246 0 0 0.128268 0.124857 
192000 0.00340938 0.122578 0.00221725 0 0 0.128215 0.124811 
192200 0.0034024 0.122539 0.0022099 0 0 0.128161 0.124764 
192400 0.00339543 0.1225 0.00220256 0 0 0.128107 0.124718 
192600 0.00338846 0.122461 0.00219521 0 0 0.128054 0.124672 
192800 0.00338148 0.122422 0.00218786 0 0 0.128 0.124625 
193000 0.00337451 0.122383 0.00218051 0 0 0.127947 0.124579 
193200 0.00336753 0.122344 0.00217316 0 0 0.127893 0.124533 
193400 0.00336056 0.122305 0.00216581 0 0 0.12784 0.124487 
193600 0.00335381 0.122267 0.00215876 0 0 0.127787 0.124441 
193800 0.00334727 0.122229 0.00215201 0 0 0.127736 0.124397 
194000 0.00334073 0.122191 0.00214526 0 0 0.127684 0.124353 
194200 0.00333419 0.122153 0.0021385 0 0 0.127633 0.124309 
194400 0.00332766 0.122115 0.00213175 0 0 0.127581 0.124264 
194600 0.00332112 0.122077 0.002125 0 0 0.12753 0.12422 
194800 0.00331458 0.122039 0.00211825 0 0 0.127479 0.124176 
195000 0.00330804 0.122001 0.0021115 0 0 0.127427 0.124131 
195200 0.00330151 0.121963 0.00210474 0 0 0.127376 0.124087 
195400 0.00329497 0.121925 0.00209799 0 0 0.127325 0.124043 
195600 0.00328843 0.121887 0.00209124 0 0 0.127273 0.123999 
195800 0.0032819 0.121849 0.00208449 0 0 0.127222 0.123954 
196000 0.00327536 0.121811 0.00207773 0 0 0.12717 0.12391 
196200 0.00326882 0.121773 0.00207098 0 0 0.127119 0.123866 
196400 0.00326228 0.121735 0.00206423 0 0 0.127068 0.123822 
196600 0.00325575 0.121698 0.00205748 0 0 0.127016 0.123777 
196800 0.00324921 0.12166 0.00205073 0 0 0.126965 0.123733 
197000 0.00324267 0.121622 0.00204397 0 0 0.126914 0.123689 
197200 0.00323613 0.121584 0.00203722 0 0 0.126862 0.123645 
197400 0.00322968 0.121546 0.00203068 0 0 0.126811 0.1236 
197600 0.00322332 0.12151 0.00202434 0 0 0.126761 0.123556 
197800 0.00321696 0.121473 0.002018 0 0 0.126711 0.123511 
198000 0.00321059 0.121436 0.00201166 0 0 0.126661 0.123467 
198200 0.00320423 0.1214 0.00200533 0 0 0.126611 0.123422 
198400 0.00319787 0.121363 0.00199899 0 0 0.126561 0.123378 
198600 0.0031915 0.121326 0.00199265 0 0 0.126511 0.123333 
198800 0.00318514 0.121289 0.00198632 0 0 0.126461 0.123289 
199000 0.00317877 0.121253 0.00197998 0 0 0.126411 0.123244 
199200 0.00317241 0.121216 0.00197364 0 0 0.126361 0.1232 
199400 0.00316605 0.121179 0.00196731 0 0 0.126311 0.123155 
199600 0.00315968 0.121143 0.00196097 0 0 0.126261 0.123111 
199800 0.00315332 0.121106 0.00195463 0 0 0.126211 0.123066 
200000 0.00314696 0.121069 0.0019483 0 0 0.126161 0.123022 
